'1',1000,84300,4,'',0,10000,4,'',0,10000,4,'',0,10000,4,'',0,10000,4,'',0,10000,4,'',0,10000,4,'',0,10000,4,'',0,10000,4,'',0,10000,4,'',0,10000,4,'',0,10000,4,'',0
'1',1001,84500,0,'Rosedale',0,10000,0,'Rosedale',0,10000,0,'Rosedale',0,10000,0,'Rosedale',0,10000,0,'Rosedale',0,10000,0,'Rosedale',0,10000,0,'Rosedale',0,10000,0,'Rosedale',0,10000,0,'Rosedale',0,10000,0,'Rosedale',0,10000,0,'Rosedale',0
'2',1000,51400,4,'',0,2900,4,'',0,7000,4,'',0,3000,4,'',0,7000,4,'',0,3000,4,'',0,7000,4,'',0,3000,4,'',0,7000,4,'',0,3000,4,'',0,7000,4,'',0,3000,4,'',0,7000,4,'',0,3000,4,'',0,7000,4,'',0,3000,4,'',0,7000,4,'',0,3000,4,'',0,7000,4,'',0,3000,4,'',0,7000,4,'',0,3000,4,'',0,7000,4,'',0,3000,4,'',0,7000,4,'',0,3000,4,'',0,7000,4,'',0,3000,4,'',0,7000,4,'',0,3000,4,'',0,7000,4,'',0
'2',1001,51500,0,'Rosedale',0,3000,0,'Rosedale',0,7000,0,'Rosedale',0,3000,0,'Rosedale',0,7000,0,'Rosedale',0,3000,0,'Rosedale',0,7000,0,'Rosedale',0,3000,0,'Rosedale',0,7000,0,'Rosedale',0,3000,0,'Rosedale',0,7000,0,'Rosedale',0,3000,0,'Rosedale',0,7000,0,'Rosedale',0,3000,0,'Rosedale',0,7000,0,'Rosedale',0,3000,0,'Rosedale',0,7000,0,'Rosedale',0,3000,0,'Rosedale',0,7000,0,'Rosedale',0,3000,0,'Rosedale',0,7000,0,'Rosedale',0,3000,0,'Rosedale',0,7000,0,'Rosedale',0,3000,0,'Rosedale',0,7000,0,'Rosedale',0,3000,0,'Rosedale',0,7000,0,'Rosedale',0,3000,0,'Rosedale',0,7000,0,'Rosedale',0,3000,0,'Rosedale',0
'3',1000,51400,4,'',0,2900,4,'',0,7000,4,'',0,3000,4,'',0,7000,4,'',0,3000,4,'',0,7000,4,'',0,3000,4,'',0,7000,4,'',0,3000,4,'',0,7000,4,'',0,3000,4,'',0,7000,4,'',0,3000,4,'',0,7000,4,'',0,3000,4,'',0,7000,4,'',0,3000,4,'',0,7000,4,'',0,3000,4,'',0,7000,4,'',0,3000,4,'',0,7000,4,'',0,3000,4,'',0,7000,4,'',0,3000,4,'',0,7000,4,'',0,3000,4,'',0,7000,4,'',0,3000,4,'',0,7000,4,'',0
'3',1001,51500,0,'Rosedale',0,3000,0,'Rosedale',0,7000,0,'Rosedale',0,3000,0,'Rosedale',0,7000,0,'Rosedale',0,3000,0,'Rosedale',0,7000,0,'Rosedale',0,3000,0,'Rosedale',0,7000,0,'Rosedale',0,3000,0,'Rosedale',0,7000,0,'Rosedale',0,3000,0,'Rosedale',0,7000,0,'Rosedale',0,3000,0,'Rosedale',0,7000,0,'Rosedale',0,3000,0,'Rosedale',0,7000,0,'Rosedale',0,3000,0,'Rosedale',0,7000,0,'Rosedale',0,3000,0,'Rosedale',0,7000,0,'Rosedale',0,3000,0,'Rosedale',0,7000,0,'Rosedale',0,3000,0,'Rosedale',0,7000,0,'Rosedale',0,3000,0,'Rosedale',0,7000,0,'Rosedale',0,3000,0,'Rosedale',0,7000,0,'Rosedale',0,3000,0,'Rosedale',0
'4',1000,51400,4,'',0,2900,4,'',0,7000,4,'',0,3000,4,'',0,7000,4,'',0,3000,4,'',0,7000,4,'',0,3000,4,'',0,7000,4,'',0,3000,4,'',0,7000,4,'',0,3000,4,'',0,7000,4,'',0,3000,4,'',0,7000,4,'',0,3000,4,'',0,7000,4,'',0,3000,4,'',0,7000,4,'',0,3000,4,'',0,7000,4,'',0,3000,4,'',0,7000,4,'',0,3000,4,'',0,7000,4,'',0,3000,4,'',0,7000,4,'',0,3000,4,'',0,7000,4,'',0,3000,4,'',0,7000,4,'',0
'4',1001,51500,0,'Rosedale',0,3000,0,'Rosedale',0,7000,0,'Rosedale',0,3000,0,'Rosedale',0,7000,0,'Rosedale',0,3000,0,'Rosedale',0,7000,0,'Rosedale',0,3000,0,'Rosedale',0,7000,0,'Rosedale',0,3000,0,'Rosedale',0,7000,0,'Rosedale',0,3000,0,'Rosedale',0,7000,0,'Rosedale',0,3000,0,'Rosedale',0,7000,0,'Rosedale',0,3000,0,'Rosedale',0,7000,0,'Rosedale',0,3000,0,'Rosedale',0,7000,0,'Rosedale',0,3000,0,'Rosedale',0,7000,0,'Rosedale',0,3000,0,'Rosedale',0,7000,0,'Rosedale',0,3000,0,'Rosedale',0,7000,0,'Rosedale',0,3000,0,'Rosedale',0,7000,0,'Rosedale',0,3000,0,'Rosedale',0,7000,0,'Rosedale',0,3000,0,'Rosedale',0
'3',11100,150610,,'',0
'3',11101,73610,,'',0
'3',13500,154500,4,'',0
'3',13501,74110,,'',0
'3',14000,155000,0,'SJHS',0
'3',14001,83300,4,'',0
'3',14100,155000,,'',0
'3',14101,83500,4,'',0
'3',14200,155000,0,'SJH',0
'3',14201,83500,4,'',0
'3',14300,155000,,'',0
'3',14301,83500,4,'',0
'3',14400,155000,,'',0
'3',14401,83500,4,'',0
