100,1079,1,0
100,1076,2,0
100,1444,3,0
100,1445,4,0
100,1194,5,0
100,1061,6,0
100,1058,7,0
100,992,8,0
100,990,9,0
100,981,10,0
100,1267,11,0
100,982,12,0
100,738,13,0
100,978,14,0
100,965,15,0
100,963,16,0
100,960,17,0
100,951,18,0
100,949,19,0
100,948,20,0
100,895,21,0
100,891,22,0
100,887,23,0
100,654,24,0
100,656,25,0
100,658,26,0
100,897,27,1
101,897,1,0
101,954,2,0
101,1268,3,0
101,961,4,0
101,983,5,0
101,984,6,0
101,988,7,0
101,989,8,0
101,995,9,0
101,993,10,0
101,1059,11,0
101,1384,12,0
101,1270,13,0
101,1071,14,0
101,1073,15,0
101,1077,16,0
101,1078,17,1
200,1078,1,0
200,870,2,0
200,1448,3,0
200,854,4,0
200,852,5,0
200,795,6,0
200,783,7,0
200,781,8,0
200,778,9,0
200,790,10,0
200,787,11,0
200,766,12,0
200,764,13,0
200,763,14,0
200,1450,15,0
200,807,16,0
200,827,17,0
200,1060,18,0
200,1421,19,0
200,1422,20,0
200,1443,21,0
200,1123,22,0
200,1218,23,0
200,1423,24,0
200,1424,25,0
200,1442,26,0
200,1087,27,0
200,1327,28,0
200,1031,29,0
200,1018,30,0
200,1329,31,0
200,969,32,0
200,951,33,0
200,949,34,0
200,950,35,0
200,957,36,0
200,904,37,0
200,900,38,1
201,900,1,0
201,897,2,0
201,954,3,0
201,955,4,0
201,959,5,0
201,970,6,0
201,1219,7,0
201,1030,8,0
201,1034,9,0
201,1086,10,0
201,1202,11,0
201,1101,12,0
201,1105,13,0
201,1273,14,0
201,1437,15,0
201,1122,16,0
201,1124,17,0
201,1128,18,0
201,1438,19,0
201,1439,20,0
201,1383,21,0
201,1440,22,0
201,1411,23,0
201,826,24,0
201,815,25,0
201,1412,26,0
201,770,27,0
201,765,28,0
201,767,29,0
201,789,30,0
201,1237,31,0
201,1449,32,0
201,782,33,0
201,784,34,0
201,794,35,0
201,853,36,0
201,860,37,0
201,861,38,0
201,1079,39,1
300,1267,1,0
300,985,2,0
300,980,3,0
300,978,4,0
300,1328,5,0
300,709,6,0
300,708,7,0
300,732,8,0
300,728,9,0
300,716,10,0
300,701,11,0
300,699,12,0
300,697,13,0
300,696,14,0
300,686,15,0
300,690,16,0
300,691,17,0
300,688,18,0
300,692,19,0
300,953,20,0
300,951,21,0
300,949,22,0
300,950,23,0
300,957,24,0
300,904,25,0
300,900,26,1
301,900,1,0
301,897,2,0
301,954,3,0
301,952,4,0
301,693,5,0
301,690,6,0
301,691,7,0
301,688,8,0
301,687,9,0
301,695,10,0
301,698,11,0
301,700,12,0
301,702,13,0
301,713,14,0
301,717,15,0
301,733,16,0
301,707,17,0
301,964,18,0
301,1373,19,0
301,983,20,0
301,984,21,0
301,1267,22,1
400,1079,1,0
400,1076,2,0
400,847,3,0
400,849,4,0
400,846,5,0
400,843,6,0
400,814,7,0
400,772,8,0
400,812,9,0
400,810,10,0
400,804,11,0
400,1253,12,0
400,745,13,0
400,743,14,0
400,741,15,0
400,726,16,0
400,739,17,0
400,982,18,0
400,1267,19,0
400,1003,20,0
400,1042,21,0
400,1041,22,0
400,1372,23,0
400,1035,24,0
400,619,25,0
400,1038,26,0
400,1235,27,0
400,1435,28,0
400,1146,29,0
400,1391,30,0
400,652,31,0
400,1159,32,0
400,1158,33,0
400,1326,34,0
400,1155,35,0
400,1136,36,0
400,1425,37,0
400,1098,38,0
400,940,39,0
400,939,40,0
400,915,41,0
400,913,42,0
400,912,43,0
400,910,44,0
400,903,45,0
400,888,46,0
400,892,47,0
400,896,48,0
400,901,49,1
401,901,1,0
401,968,2,0
401,966,3,0
401,958,4,0
401,948,5,0
401,895,6,0
401,891,7,0
401,887,8,0
401,902,9,0
401,911,10,0
401,914,11,0
401,917,12,0
401,938,13,0
401,941,14,0
401,1100,15,0
401,1102,16,0
401,1135,17,0
401,1156,18,0
401,1157,19,0
401,1229,20,0
401,652,21,0
401,1216,22,0
401,1147,23,0
401,1145,24,0
401,1107,25,0
401,1092,26,0
401,1089,27,0
401,1039,28,0
401,1036,29,0
401,1234,30,0
401,1046,31,0
401,1040,32,0
401,1043,33,0
401,1044,34,0
401,1004,35,0
401,1267,36,0
401,740,37,0
401,727,38,0
401,742,39,0
401,744,40,0
401,1415,41,0
401,805,42,0
401,806,43,0
401,811,44,0
401,813,45,0
401,773,46,0
401,1225,47,0
401,850,48,0
401,851,49,0
401,873,50,0
401,875,51,0
401,876,52,0
401,1079,53,1
1001,1267,1,0
1001,1005,2,0
1001,1007,3,0
1001,1009,4,0
1001,1052,5,0
1001,1050,6,0
1001,1053,7,0
1001,1055,8,0
1001,1108,9,0
1001,1186,10,0
1001,1114,11,0
1001,1118,12,0
1001,1123,13,0
1001,1218,14,0
1001,1120,15,0
1001,1259,16,0
1001,1163,17,0
1001,1434,18,0
1001,1169,19,0
1001,1172,20,0
1001,1174,21,0
1001,1436,22,0
1001,1366,23,0
1001,1167,24,0
1001,1176,25,0
1001,1179,26,0
1001,1368,27,0
1001,1360,28,0
1001,1359,29,0
1001,1344,30,0
1001,1345,31,0
1001,1346,32,0
1001,1378,33,0
1001,1377,34,0
1001,1380,35,0
1001,1379,36,0
1001,1383,37,0
1001,1357,38,0
1001,1382,39,0
1001,1376,40,0
1001,1336,41,0
1001,1337,42,0
1001,1443,43,0
1001,1127,44,0
1001,1126,45,0
1001,1113,46,0
1001,1112,47,0
1001,1110,48,0
1001,1109,49,0
1001,1054,50,0
1001,1049,51,0
1001,1227,52,0
1001,1008,53,0
1001,1006,54,0
1001,1004,55,1
1100,1267,1,0
1100,1003,2,0
1100,1000,3,0
1100,999,4,0
1100,986,5,0
1100,971,6,0
1100,974,7,0
1100,976,8,0
1100,1021,9,0
1100,1023,10,0
1100,1028,11,0
1100,1026,12,0
1100,1024,13,0
1100,1428,14,0
1100,1429,15,0
1100,1029,16,0
1100,1032,17,0
1100,1085,18,0
1100,1095,19,0
1100,1096,20,0
1100,1431,21,0
1100,1206,22,0
1100,1262,23,0
1100,1201,24,0
1100,1131,25,0
1100,1154,26,0
1100,1153,27,0
1100,1150,28,0
1100,1348,29,0
1100,1349,30,0
1100,1351,31,0
1100,1352,32,0
1100,1353,33,0
1100,1338,34,0
1100,1313,35,0
1100,936,36,0
1100,934,37,0
1100,932,38,0
1100,930,39,0
1100,924,40,0
1100,921,41,0
1100,903,42,0
1100,888,43,0
1100,892,44,0
1100,897,45,0
1100,950,46,0
1100,957,47,0
1100,904,48,0
1100,900,49,1
1101,900,1,0
1101,895,2,0
1101,891,3,0
1101,887,4,0
1101,902,5,0
1101,922,6,0
1101,923,7,0
1101,925,8,0
1101,931,9,0
1101,933,10,0
1101,935,11,0
1101,1312,12,0
1101,1338,13,0
1101,1314,14,0
1101,1315,15,0
1101,1334,16,0
1101,1316,17,0
1101,1350,18,0
1101,1347,19,0
1101,1151,20,0
1101,1152,21,0
1101,1149,22,0
1101,1139,23,0
1101,1132,24,0
1101,1138,25,0
1101,941,26,0
1101,1097,27,0
1101,1094,28,0
1101,1084,29,0
1101,1212,30,0
1101,1017,31,0
1101,1427,32,0
1101,1019,33,0
1101,1025,34,0
1101,1027,35,0
1101,1022,36,0
1101,1020,37,0
1101,975,38,0
1101,973,39,0
1101,972,40,0
1101,987,41,0
1101,1001,42,0
1101,1002,43,0
1101,1004,44,0
1101,1267,45,1
1201,900,1,0
1201,895,2,0
1201,891,3,0
1201,890,4,0
1201,887,5,0
1201,877,6,0
1201,879,7,0
1201,880,8,0
1201,653,9,0
1201,636,10,0
1201,1393,11,0
1201,1394,12,0
1201,656,13,0
1201,705,14,0
1201,950,15,0
1201,957,16,0
1201,904,17,1
1300,1267,1,0
1300,982,2,0
1300,731,3,0
1300,728,4,0
1300,716,5,0
1300,712,6,0
1300,710,7,0
1300,680,8,0
1300,677,9,0
1300,672,10,0
1300,675,11,0
1300,684,12,0
1300,688,13,0
1300,692,14,0
1300,705,15,0
1300,948,16,0
1300,895,17,0
1300,893,18,0
1300,898,19,0
1300,907,20,0
1300,909,21,0
1300,906,22,0
1300,904,23,0
1300,900,24,1
1301,900,1,0
1301,897,2,0
1301,706,3,0
1301,693,4,0
1301,690,5,0
1301,691,6,0
1301,688,7,0
1301,685,8,0
1301,674,9,0
1301,673,10,0
1301,676,11,0
1301,679,12,0
1301,681,13,0
1301,711,14,0
1301,713,15,0
1301,717,16,0
1301,729,17,0
1301,734,18,0
1301,1267,19,1
1501,1267,1,0
1501,982,2,0
1501,740,3,0
1501,722,4,0
1501,646,5,0
1501,1321,6,0
1501,724,7,0
1501,725,8,0
1501,650,9,0
1501,757,10,0
1501,760,11,0
1501,800,12,0
1501,820,13,0
1501,822,14,0
1501,1056,15,0
1501,1242,16,0
1501,1417,17,0
1501,1060,18,0
1501,1064,19,0
1501,1065,20,0
1501,1066,21,0
1501,1068,22,0
1501,1192,23,0
1501,1071,24,0
1501,1072,25,0
1501,866,26,0
1501,1232,27,0
1501,846,28,0
1501,843,29,0
1501,844,30,0
1501,864,31,0
1501,832,32,0
1501,834,33,0
1501,1194,34,0
1501,1061,35,0
1501,1058,36,0
1501,825,37,0
1501,824,38,0
1501,823,39,0
1501,798,40,0
1501,1418,41,0
1501,1413,42,0
1501,649,43,0
1501,723,44,0
1501,645,45,0
1501,739,46,0
1501,981,47,1
1601,1267,1,0
1601,988,2,0
1601,989,3,0
1601,995,4,0
1601,1414,5,0
1601,821,6,0
1601,818,7,0
1601,802,8,0
1601,799,9,0
1601,683,10,0
1601,648,11,0
1601,644,12,0
1601,642,13,0
1601,638,14,0
1601,747,15,0
1601,748,16,0
1601,1319,17,0
1601,660,18,0
1601,663,19,0
1601,667,20,0
1601,1447,21,0
1601,758,22,0
1601,1418,23,0
1601,1413,24,0
1601,649,25,0
1601,651,26,0
1601,801,27,0
1601,803,28,0
1601,1252,29,0
1601,745,30,0
1601,1190,31,0
1601,992,32,0
1601,990,33,0
1601,981,34,1
1801,1267,1,0
1801,1240,2,0
1801,994,3,0
1801,995,4,0
1801,993,5,0
1801,1059,6,0
1801,1384,7,0
1801,1270,8,0
1801,1071,9,0
1801,1073,10,0
1801,1381,11,0
1801,1083,12,0
1801,1082,13,0
1801,1080,14,0
1801,1069,15,0
1801,997,16,0
1801,992,17,0
1801,990,18,1
1901,1079,1,0
1901,1076,2,0
1901,848,3,0
1901,793,4,0
1901,1449,5,0
1901,755,6,0
1901,1389,7,0
1901,662,8,0
1901,670,9,0
1901,1370,10,0
1901,671,11,0
1901,1371,12,0
1901,780,13,0
1901,785,14,0
1901,797,15,0
1901,1226,16,0
1901,853,17,0
1901,860,18,0
1901,861,19,1
10303,1402,1,0
10303,1406,2,0
10303,1407,3,0
10303,1408,4,0
10303,628,5,0
10303,624,6,0
10303,626,7,0
10303,627,8,0
10303,622,9,0
10303,621,10,0
10303,620,11,0
10303,623,12,0
10303,669,13,0
10303,655,14,0
10303,888,15,0
10303,892,16,0
10303,897,17,0
10303,950,18,0
10303,957,19,0
10303,904,20,0
10303,900,21,1
10304,900,1,0
10304,895,2,0
10304,891,3,0
10304,887,4,0
10304,654,5,0
10304,1398,6,0
10304,1399,7,0
10304,1400,8,0
10304,1402,9,1
10403,1402,1,0
10403,1406,2,0
10403,1407,3,0
10403,1408,4,0
10403,628,5,0
10403,624,6,0
10403,626,7,0
10403,627,8,0
10403,622,9,0
10403,621,10,0
10403,620,11,0
10403,623,12,0
10403,669,13,0
10403,655,14,0
10403,892,15,0
10403,897,16,0
10403,950,17,0
10403,957,18,0
10403,904,19,0
10403,900,20,1
10404,900,1,0
10404,895,2,0
10404,891,3,0
10404,887,4,0
10404,654,5,0
10404,628,6,0
10404,624,7,0
10404,626,8,0
10404,627,9,0
10404,622,10,0
10404,621,11,0
10404,620,12,0
10404,623,13,0
10404,669,14,0
10404,1403,15,0
10404,1404,16,0
10404,1405,17,0
10404,1398,18,0
10404,1399,19,0
10404,1400,20,0
10404,1402,21,1
