'1',100,52800,4,'',0,3000,4,'',0,7000,4,'',0,3000,4,'',0,7000,4,'',0,3000,4,'',0,7000,4,'',0,3000,4,'',0,7000,4,'',0,3000,4,'',0,7000,4,'',0,3000,4,'',0,7000,4,'',0,3000,4,'',0,7000,4,'',0,3000,4,'',0,7000,4,'',0,3000,4,'',0,7000,4,'',0,3000,4,'',0,7000,4,'',0,3000,4,'',0,7000,4,'',0,3000,4,'',0,7000,4,'',0,3000,4,'',0,7000,4,'',0,3000,4,'',0,7000,4,'',0,3000,4,'',0,7000,4,'',0,3000,4,'',0,7000,4,'',0,3000,4,'',0,7000,4,'',0,3000,4,'',0
'2',100,82800,4,'',0,3000,4,'',0,7000,4,'',0,3000,4,'',0,7000,4,'',0,3000,4,'',0,7000,4,'',0,3000,4,'',0,7000,4,'',0,3000,4,'',0,7000,4,'',0,3000,4,'',0,7000,4,'',0,3000,4,'',0,7000,4,'',0,3000,4,'',0,7000,4,'',0,3000,4,'',0,7000,4,'',0,3000,4,'',0,7000,4,'',0,3000,4,'',0,7000,4,'',0
'3',100,52800,4,'',0,3000,4,'',0,7000,4,'',0,3000,4,'',0,7000,4,'',0,3000,4,'',0,7000,4,'',0,3000,4,'',0,7000,4,'',0,3000,4,'',0,7000,4,'',0,3000,4,'',0,7000,4,'',0,3000,4,'',0,7000,4,'',0,3000,4,'',0,7000,4,'',0,3000,4,'',0,7000,4,'',0,3000,4,'',0,7000,4,'',0,3000,4,'',0,7000,4,'',0,3000,4,'',0,7000,4,'',0,3000,4,'',0,7000,4,'',0,3000,4,'',0,7000,4,'',0,3000,4,'',0,7000,4,'',0,3000,4,'',0,7000,4,'',0,3000,4,'',0,7000,4,'',0,3000,4,'',0
'4',100,52800,4,'',0,3000,4,'',0,7000,4,'',0,3000,4,'',0,7000,4,'',0,3000,4,'',0,7000,4,'',0,3000,4,'',0,7000,4,'',0,3000,4,'',0,7000,4,'',0,3000,4,'',0,7000,4,'',0,3000,4,'',0,7000,4,'',0,3000,4,'',0,7000,4,'',0,3000,4,'',0,7000,4,'',0,3000,4,'',0,7000,4,'',0,3000,4,'',0,7000,4,'',0,3000,4,'',0,7000,4,'',0,3000,4,'',0,7000,4,'',0,3000,4,'',0,7000,4,'',0,3000,4,'',0,7000,4,'',0,3000,4,'',0,7000,4,'',0,3000,4,'',0,7000,4,'',0,3000,4,'',0
'5',100,52800,4,'',0,3000,4,'',0,7000,4,'',0,3000,4,'',0,7000,4,'',0,3000,4,'',0,7000,4,'',0,3000,4,'',0,7000,4,'',0,3000,4,'',0,7000,4,'',0,3000,4,'',0,7000,4,'',0,3000,4,'',0,7000,4,'',0,3000,4,'',0,7000,4,'',0,3000,4,'',0,7000,4,'',0,3000,4,'',0,7000,4,'',0,3000,4,'',0,7000,4,'',0,3000,4,'',0,7000,4,'',0,3000,4,'',0,7000,4,'',0,3000,4,'',0,7000,4,'',0,3000,4,'',0,7000,4,'',0,3000,4,'',0,7000,4,'',0,3000,4,'',0,7000,4,'',0,3000,4,'',0
'6',100,52800,4,'',0,3000,4,'',0,7000,4,'',0,3000,4,'',0,7000,4,'',0,3000,4,'',0,7000,4,'',0,3000,4,'',0,7000,4,'',0,3000,4,'',0,7000,4,'',0,3000,4,'',0,7000,4,'',0,3000,4,'',0,7000,4,'',0,3000,4,'',0,7000,4,'',0,3000,4,'',0,7000,4,'',0,3000,4,'',0,7000,4,'',0,3000,4,'',0,7000,4,'',0,3000,4,'',0,7000,4,'',0,3000,4,'',0,7000,4,'',0,3000,4,'',0,7000,4,'',0,3000,4,'',0,7000,4,'',0,3000,4,'',0,7000,4,'',0,3000,4,'',0,7000,4,'',0,3000,4,'',0
'1',201,50300,0,'Crosstown',0,3000,0,'Crosstown',0,7000,0,'Crosstown',0,3000,0,'Crosstown',0,7000,0,'Crosstown',0,3000,0,'Crosstown',0,7000,0,'Crosstown',0,3000,0,'Crosstown',0,7000,0,'Crosstown',0,3000,0,'Crosstown',0,7000,0,'Crosstown',0,3000,0,'Crosstown',0,7000,0,'Crosstown',0,3000,0,'Crosstown',0,7000,0,'Crosstown',0,3000,0,'Crosstown',0,7000,0,'Crosstown',0,3000,0,'Crosstown',0,7000,0,'Crosstown',0,3000,0,'Crosstown',0,7000,0,'Crosstown',0,3000,0,'Crosstown',0,7000,0,'Crosstown',0,3000,0,'Crosstown',0,7000,0,'Crosstown',0,3000,0,'Crosstown',0,7000,0,'Crosstown',0,3000,0,'Crosstown',0,7000,0,'Crosstown',0,3000,0,'Crosstown',0,7000,0,'Crosstown',0,3000,0,'Crosstown',0,7000,0,'Crosstown',0,3000,0,'Crosstown',0,7000,0,'Crosstown',0,3000,0,'Crosstown',0
'2',201,80300,0,'Crosstown',0,3000,0,'Crosstown',0,7000,0,'Crosstown',0,3000,0,'Crosstown',0,7000,0,'Crosstown',0,3000,0,'Crosstown',0,7000,0,'Crosstown',0,3000,0,'Crosstown',0,7000,0,'Crosstown',0,3000,0,'Crosstown',0,7000,0,'Crosstown',0,3000,0,'Crosstown',0,7000,0,'Crosstown',0,3000,0,'Crosstown',0,7000,0,'Crosstown',0,3000,0,'Crosstown',0,7000,0,'Crosstown',0,3000,0,'Crosstown',0,7000,0,'Crosstown',0,3000,0,'Crosstown',0,7000,0,'Crosstown',0,3000,0,'Crosstown',0,7000,0,'Crosstown',0,3000,0,'Crosstown',0
'3',201,50300,0,'Crosstown',0,3000,0,'Crosstown',0,7000,0,'Crosstown',0,3000,0,'Crosstown',0,7000,0,'Crosstown',0,3000,0,'Crosstown',0,7000,0,'Crosstown',0,3000,0,'Crosstown',0,7000,0,'Crosstown',0,3000,0,'Crosstown',0,7000,0,'Crosstown',0,3000,0,'Crosstown',0,7000,0,'Crosstown',0,3000,0,'Crosstown',0,7000,0,'Crosstown',0,3000,0,'Crosstown',0,7000,0,'Crosstown',0,3000,0,'Crosstown',0,7000,0,'Crosstown',0,3000,0,'Crosstown',0,7000,0,'Crosstown',0,3000,0,'Crosstown',0,7000,0,'Crosstown',0,3000,0,'Crosstown',0,7000,0,'Crosstown',0,3000,0,'Crosstown',0,7000,0,'Crosstown',0,3000,0,'Crosstown',0,7000,0,'Crosstown',0,3000,0,'Crosstown',0,7000,0,'Crosstown',0,3000,0,'Crosstown',0,7000,0,'Crosstown',0,3000,0,'Crosstown',0,7000,0,'Crosstown',0,3000,0,'Crosstown',0
'4',201,50300,0,'Crosstown',0,3000,0,'Crosstown',0,7000,0,'Crosstown',0,3000,0,'Crosstown',0,7000,0,'Crosstown',0,3000,0,'Crosstown',0,7000,0,'Crosstown',0,3000,0,'Crosstown',0,7000,0,'Crosstown',0,3000,0,'Crosstown',0,7000,0,'Crosstown',0,3000,0,'Crosstown',0,7000,0,'Crosstown',0,3000,0,'Crosstown',0,7000,0,'Crosstown',0,3000,0,'Crosstown',0,7000,0,'Crosstown',0,3000,0,'Crosstown',0,7000,0,'Crosstown',0,3000,0,'Crosstown',0,7000,0,'Crosstown',0,3000,0,'Crosstown',0,7000,0,'Crosstown',0,3000,0,'Crosstown',0,7000,0,'Crosstown',0,3000,0,'Crosstown',0,7000,0,'Crosstown',0,3000,0,'Crosstown',0,7000,0,'Crosstown',0,3000,0,'Crosstown',0,7000,0,'Crosstown',0,3000,0,'Crosstown',0,7000,0,'Crosstown',0,3000,0,'Crosstown',0,7000,0,'Crosstown',0,3000,0,'Crosstown',0
'5',201,50300,0,'Crosstown',0,3000,0,'Crosstown',0,7000,0,'Crosstown',0,3000,0,'Crosstown',0,7000,0,'Crosstown',0,3000,0,'Crosstown',0,7000,0,'Crosstown',0,3000,0,'Crosstown',0,7000,0,'Crosstown',0,3000,0,'Crosstown',0,7000,0,'Crosstown',0,3000,0,'Crosstown',0,7000,0,'Crosstown',0,3000,0,'Crosstown',0,7000,0,'Crosstown',0,3000,0,'Crosstown',0,7000,0,'Crosstown',0,3000,0,'Crosstown',0,7000,0,'Crosstown',0,3000,0,'Crosstown',0,7000,0,'Crosstown',0,3000,0,'Crosstown',0,7000,0,'Crosstown',0,3000,0,'Crosstown',0,7000,0,'Crosstown',0,3000,0,'Crosstown',0,7000,0,'Crosstown',0,3000,0,'Crosstown',0,7000,0,'Crosstown',0,3000,0,'Crosstown',0,7000,0,'Crosstown',0,3000,0,'Crosstown',0,7000,0,'Crosstown',0,3000,0,'Crosstown',0,7000,0,'Crosstown',0,3000,0,'Crosstown',0
'6',201,50300,0,'Crosstown',0,3000,0,'Crosstown',0,7000,0,'Crosstown',0,3000,0,'Crosstown',0,7000,0,'Crosstown',0,3000,0,'Crosstown',0,7000,0,'Crosstown',0,3000,0,'Crosstown',0,7000,0,'Crosstown',0,3000,0,'Crosstown',0,7000,0,'Crosstown',0,3000,0,'Crosstown',0,7000,0,'Crosstown',0,3000,0,'Crosstown',0,7000,0,'Crosstown',0,3000,0,'Crosstown',0,7000,0,'Crosstown',0,3000,0,'Crosstown',0,7000,0,'Crosstown',0,3000,0,'Crosstown',0,7000,0,'Crosstown',0,3000,0,'Crosstown',0,7000,0,'Crosstown',0,3000,0,'Crosstown',0,7000,0,'Crosstown',0,3000,0,'Crosstown',0,7000,0,'Crosstown',0,3000,0,'Crosstown',0,7000,0,'Crosstown',0,3000,0,'Crosstown',0,7000,0,'Crosstown',0,3000,0,'Crosstown',0,7000,0,'Crosstown',0,3000,0,'Crosstown',0,7000,0,'Crosstown',0,3000,0,'Crosstown',0
'3',1901,63000,,'',0,1900,4,'',0,100,,'',0,5900,4,'',0,1100,,'',0,1900,4,'',0,1100,,'',0,5900,4,'',0,72600,,'',0,1900,4,'',0,5100,,'',0,1900,4,'',0,1100,,'',0,1900,4,'',0,5100,,'',0,1900,4,'',0
'5',1901,63000,,'',0,1900,4,'',0,100,,'',0,5900,4,'',0,1100,,'',0,1900,4,'',0,1100,,'',0,5900,4,'',0,72600,,'',0,1900,4,'',0,5100,,'',0,1900,4,'',0,1100,,'',0,1900,4,'',0,5100,,'',0,1900,4,'',0
'6',1901,63000,,'',0,1900,4,'',0,100,,'',0,5900,4,'',0,1100,,'',0,1900,4,'',0,1100,,'',0,5900,4,'',0,72600,,'',0,1900,4,'',0,5100,,'',0,1900,4,'',0,1100,,'',0,1900,4,'',0,5100,,'',0,1900,4,'',0
'5',13801,73500,,'',0
'6',13801,73500,,'',0
'5',14100,160500,,'',0
'6',14100,160500,,'',0
