100,1267,1,0
100,985,2,0
100,980,3,0
100,978,4,0
100,965,5,0
100,963,6,0
100,960,7,0
100,951,8,0
100,949,9,0
100,948,10,0
100,896,11,0
100,901,12,0
100,905,13,0
100,908,14,0
100,899,15,0
100,894,16,0
100,657,17,0
100,655,18,0
100,902,19,0
100,922,20,0
100,923,21,0
100,925,22,0
100,931,23,0
100,933,24,1
101,934,1,0
101,932,2,0
101,930,3,0
101,924,4,0
101,921,5,0
101,903,6,0
101,654,7,0
101,656,8,0
101,658,9,0
101,893,10,0
101,898,11,0
101,907,12,0
101,909,13,0
101,906,14,0
101,904,15,0
101,900,16,0
101,897,17,0
101,954,18,0
101,1268,19,0
101,962,20,0
101,961,21,0
101,983,22,0
101,984,23,0
101,1267,24,1
200,1267,1,0
200,982,2,0
200,740,3,0
200,1321,4,0
200,645,5,0
200,724,6,0
200,727,7,0
200,742,8,0
200,744,9,0
200,821,10,0
200,818,11,0
200,802,12,0
200,799,13,0
200,683,14,0
200,648,15,0
200,644,16,0
200,642,17,0
200,638,18,0
200,747,19,0
200,748,20,0
200,1319,21,0
200,660,22,0
200,663,23,0
200,667,24,0
200,754,25,0
200,756,26,0
200,774,27,0
200,777,28,0
200,788,29,1
201,786,1,0
201,776,2,0
201,775,3,0
201,755,4,0
201,753,5,0
201,668,6,0
201,666,7,0
201,665,8,0
201,664,9,0
201,659,10,0
201,661,11,0
201,746,12,0
201,751,13,0
201,640,14,0
201,639,15,0
201,637,16,0
201,682,17,0
201,643,18,0
201,647,19,0
201,651,20,0
201,801,21,0
201,803,22,0
201,1252,23,0
201,745,24,0
201,743,25,0
201,741,26,0
201,726,27,0
201,722,28,0
201,646,29,0
201,724,30,0
201,739,31,0
201,981,32,0
201,1267,33,1
300,1267,1,0
300,731,2,0
300,728,3,0
300,716,4,0
300,712,5,0
300,710,6,0
300,680,7,0
300,677,8,0
300,672,9,0
300,675,10,0
300,684,11,0
300,688,12,0
300,692,13,0
300,953,14,0
300,955,15,0
300,959,16,0
300,970,17,0
300,1014,18,0
300,1012,19,0
300,1011,20,0
300,1015,21,0
300,1208,22,0
300,1375,23,0
300,1032,24,0
300,1085,25,0
300,1095,26,0
300,1096,27,1
301,1097,1,0
301,1094,2,0
301,1084,3,0
301,1212,4,0
301,1374,5,0
301,1385,6,0
301,1016,7,0
301,1010,8,0
301,1013,9,0
301,1210,10,0
301,969,11,0
301,956,12,0
301,952,13,0
301,693,14,0
301,690,15,0
301,691,16,0
301,688,17,0
301,685,18,0
301,674,19,0
301,673,20,0
301,676,21,0
301,679,22,0
301,681,23,0
301,711,24,0
301,713,25,0
301,717,26,0
301,729,27,0
301,734,28,0
301,1267,29,1
400,1267,1,0
400,989,2,0
400,995,3,0
400,993,4,0
400,1057,5,0
400,825,6,0
400,824,7,0
400,823,8,0
400,798,9,0
400,761,10,0
400,759,11,0
400,768,12,0
400,771,13,0
400,809,14,0
400,811,15,0
400,813,16,0
400,773,17,0
400,842,18,0
400,837,19,0
400,836,20,0
400,840,21,0
400,850,22,0
400,856,23,0
400,857,24,0
400,859,25,0
400,862,26,0
400,854,27,0
400,852,28,0
400,795,29,1
401,794,1,0
401,853,2,0
401,860,3,0
401,861,4,0
401,858,5,0
401,855,6,0
401,847,7,0
401,849,8,0
401,839,9,0
401,835,10,0
401,838,11,0
401,814,12,0
401,772,13,0
401,812,14,0
401,810,15,0
401,808,16,0
401,769,17,0
401,1369,18,0
401,763,19,0
401,758,20,0
401,760,21,0
401,800,22,0
401,820,23,0
401,822,24,0
401,1056,25,0
401,1058,26,0
401,992,27,0
401,990,28,0
401,981,29,0
401,1267,30,1
500,1267,1,0
500,1005,2,0
500,1007,3,0
500,1009,4,0
500,1052,5,0
500,1050,6,0
500,1053,7,0
500,1055,8,0
500,1108,9,0
500,1111,10,0
500,1362,11,0
500,1363,12,0
500,1365,13,0
500,1173,14,0
500,1171,15,0
500,1168,16,0
500,1170,17,0
500,1160,18,0
500,1159,19,0
500,1158,20,0
500,1326,21,0
500,1155,22,0
500,1136,23,0
500,1098,24,1
501,1100,1,0
501,1102,2,0
501,1135,3,0
501,1156,4,0
501,1157,5,0
501,1229,6,0
501,652,7,0
501,1169,8,0
501,1172,9,0
501,1174,10,0
501,1366,11,0
501,1364,12,0
501,1121,13,0
501,1110,14,0
501,1109,15,0
501,1054,16,0
501,1049,17,0
501,1051,18,0
501,1227,19,0
501,1008,20,0
501,1006,21,0
501,1004,22,0
501,1267,23,1
600,1267,1,0
600,1005,2,0
600,1007,3,0
600,1009,4,0
600,1052,5,0
600,1050,6,0
600,1053,7,0
600,1055,8,0
600,1108,9,0
600,1186,10,0
600,1114,11,0
600,1118,12,0
600,1125,13,0
600,1161,14,0
600,1165,15,0
600,1167,16,0
600,1176,17,0
600,1179,18,0
600,1368,19,0
600,1360,20,0
600,1359,21,0
600,1344,22,0
600,1345,23,0
600,1346,24,0
600,1378,25,0
600,1377,26,0
600,1380,27,0
600,1379,28,0
600,1383,29,0
600,1357,30,1
601,1357,1,0
601,1382,2,0
601,1376,3,0
601,1336,4,0
601,1337,5,0
601,1243,6,0
601,1244,7,0
601,1245,8,0
601,1358,9,0
601,1361,10,0
601,1367,11,0
601,1178,12,0
601,1177,13,0
601,1175,14,0
601,1166,15,0
601,1162,16,0
601,1241,17,0
601,1126,18,0
601,1115,19,0
601,1113,20,0
601,1112,21,0
601,1110,22,0
601,1109,23,0
601,1054,24,0
601,1049,25,0
601,1051,26,0
601,1227,27,0
601,1008,28,0
601,1006,29,0
601,1004,30,0
601,1267,31,1
700,1267,1,0
700,1003,2,0
700,1000,3,0
700,999,4,0
700,986,5,0
700,971,6,0
700,974,7,0
700,976,8,0
700,1021,9,0
700,1023,10,0
700,1028,11,0
700,1026,12,0
700,1024,13,0
700,1030,14,0
700,1034,15,0
700,1086,16,0
700,1088,17,0
700,1090,18,0
700,1103,19,0
700,1106,20,0
700,1256,21,0
700,1141,22,0
700,1134,23,0
700,1386,24,0
700,1154,25,0
700,1153,26,0
700,1150,27,0
700,1348,28,0
700,1349,29,0
700,1351,30,0
700,1352,31,0
700,1353,32,0
700,1338,33,0
700,1313,34,0
700,936,35,1
701,935,1,0
701,1312,2,0
701,1314,3,0
701,1315,4,0
701,1334,5,0
701,1316,6,0
701,1350,7,0
701,1347,8,0
701,1151,9,0
701,1152,10,0
701,1149,11,0
701,1139,12,0
701,1133,13,0
701,1137,14,0
701,1140,15,0
701,1322,16,0
701,1104,17,0
701,1091,18,0
701,1087,19,0
701,1327,20,0
701,1031,21,0
701,1019,22,0
701,1025,23,0
701,1027,24,0
701,1022,25,0
701,1020,26,0
701,975,27,0
701,973,28,0
701,972,29,0
701,987,30,0
701,1001,31,0
701,1002,32,0
701,1004,33,0
701,1267,34,1
800,1267,1,0
800,989,2,0
800,995,3,0
800,993,4,0
800,1059,5,0
800,1060,6,0
800,1064,7,0
800,1065,8,0
800,1066,9,0
800,1068,10,0
800,1074,11,0
800,1063,12,0
800,833,13,0
800,831,14,0
800,865,15,0
800,863,16,0
800,1225,17,0
800,1233,18,0
800,867,19,0
800,869,20,0
800,1073,21,0
800,1077,22,0
800,1078,23,0
800,870,24,0
800,874,25,0
800,872,26,0
800,871,27,0
800,848,28,0
800,793,29,0
800,786,30,1
801,788,1,0
801,1237,2,0
801,792,3,0
801,841,4,0
801,851,5,0
801,868,6,0
801,873,7,0
801,875,8,0
801,876,9,0
801,1079,10,0
801,1076,11,0
801,1072,12,0
801,866,13,0
801,1232,14,0
801,846,15,0
801,843,16,0
801,844,17,0
801,864,18,0
801,832,19,0
801,834,20,0
801,1062,21,0
801,1075,22,0
801,1067,23,0
801,1238,24,0
801,1061,25,0
801,1058,26,0
801,992,27,0
801,990,28,0
801,981,29,0
801,1267,30,1
900,1267,1,0
900,1003,2,0
900,1042,3,0
900,1041,4,0
900,1372,5,0
900,1317,6,0
900,1035,7,0
900,1038,8,0
900,1235,9,0
900,1093,10,0
900,1117,11,0
900,1120,12,0
900,1163,13,0
900,1148,14,0
900,1147,15,0
900,1145,16,0
900,1143,17,0
900,1141,18,0
900,1134,19,0
900,1386,20,0
900,1132,21,0
900,1138,22,0
900,940,23,0
900,939,24,0
900,927,25,0
900,928,26,0
900,926,27,0
900,919,28,0
900,916,29,0
900,915,30,0
900,913,31,0
900,912,32,1
901,911,1,0
901,914,2,0
901,917,3,0
901,918,4,0
901,920,5,0
901,929,6,0
901,1239,7,0
901,938,8,0
901,1206,9,0
901,1262,10,0
901,1201,11,0
901,1131,12,0
901,1133,13,0
901,1137,14,0
901,1140,15,0
901,1224,16,0
901,1142,17,0
901,1144,18,0
901,1146,19,0
901,1164,20,0
901,1119,21,0
901,1116,22,0
901,1092,23,0
901,1089,24,0
901,1039,25,0
901,1036,26,0
901,1234,27,0
901,1046,28,0
901,1040,29,0
901,1043,30,0
901,1044,31,0
901,1004,32,0
901,1267,33,1
1000,1267,1,0
1000,982,2,0
1000,738,3,0
1000,978,4,0
1000,1328,5,0
1000,709,6,0
1000,708,7,0
1000,732,8,0
1000,716,9,0
1000,701,10,0
1000,699,11,0
1000,697,12,0
1000,696,13,0
1000,686,14,0
1000,690,15,0
1000,688,16,0
1000,692,17,0
1000,705,18,0
1000,948,19,0
1000,895,20,0
1000,891,21,0
1000,887,22,0
1000,902,23,0
1000,911,24,1
1001,912,1,0
1001,910,2,0
1001,903,3,0
1001,888,4,0
1001,892,5,0
1001,897,6,0
1001,706,7,0
1001,688,8,0
1001,693,9,0
1001,687,10,0
1001,695,11,0
1001,698,12,0
1001,700,13,0
1001,702,14,0
1001,713,15,0
1001,717,16,0
1001,733,17,0
1001,707,18,0
1001,964,19,0
1001,1373,20,0
1001,983,21,0
1001,984,22,0
1001,1267,23,1
1100,1267,1,0
1100,1240,2,0
1100,994,3,0
1100,995,4,0
1100,993,5,0
1100,1059,6,0
1100,826,7,0
1100,815,8,0
1100,804,9,0
1100,798,10,0
1100,761,11,0
1100,759,12,0
1100,770,13,0
1100,765,14,0
1100,767,15,0
1100,789,16,0
1100,1237,17,0
1100,779,18,0
1100,782,19,0
1100,784,20,0
1100,794,21,1
1101,795,1,0
1101,783,2,0
1101,781,3,0
1101,778,4,0
1101,790,5,0
1101,787,6,0
1101,766,7,0
1101,764,8,0
1101,763,9,0
1101,758,10,0
1101,760,11,0
1101,800,12,0
1101,805,13,0
1101,806,14,0
1101,807,15,0
1101,827,16,0
1101,1058,17,0
1101,992,18,0
1101,991,19,0
1101,1217,20,0
1101,1267,21,1
1203,878,1,0
1203,879,2,0
1203,880,3,0
1203,653,4,0
1203,636,5,0
1203,635,6,0
1203,656,7,0
1203,705,8,0
1203,950,9,0
1203,957,10,0
1203,967,11,0
1203,904,12,0
1203,900,13,1
1204,900,1,0
1204,895,2,0
1204,891,3,0
1204,887,4,0
1204,886,5,0
1204,885,6,0
1204,884,7,0
1204,882,8,0
1204,881,9,0
1204,878,10,1
5000,1267,1,0
5000,988,2,0
5000,740,3,0
5000,725,4,0
5000,650,5,0
5000,757,6,0
5000,759,7,0
5000,762,8,0
5000,1389,9,0
5000,662,10,0
5000,670,11,0
5000,1370,12,0
5000,671,13,0
5000,1371,14,0
5000,780,15,0
5000,785,16,0
5000,797,17,0
5000,1226,18,1
5001,1226,1,0
5001,796,2,0
5001,787,3,0
5001,766,4,0
5001,764,5,0
5001,763,6,0
5001,758,7,0
5001,649,8,0
5001,723,9,0
5001,739,10,0
5001,1267,11,1
5100,1267,1,0
5100,1240,2,0
5100,994,3,0
5100,995,4,0
5100,993,5,0
5100,1059,6,0
5100,1384,7,0
5100,1073,8,0
5100,1381,9,0
5100,1083,10,1
5101,1083,1,0
5101,1082,2,0
5101,1080,3,0
5101,1069,4,0
5101,997,5,0
5101,992,6,0
5101,990,7,0
5101,1267,8,1
5203,701,1,0
5203,699,2,0
5203,697,3,0
5203,696,4,0
5203,694,5,0
5203,703,6,0
5203,704,7,0
5203,1269,8,0
5203,735,9,0
5203,979,10,0
5203,984,11,0
5203,988,12,0
5203,740,13,0
5203,727,14,0
5203,742,15,0
5203,744,16,0
5203,1355,17,0
5203,805,18,0
5203,811,19,0
5203,773,20,0
5203,842,21,0
5203,837,22,0
5203,836,23,0
5203,840,24,0
5203,856,25,0
5203,857,26,0
5203,872,27,0
5203,1082,28,0
5203,1080,29,0
5203,1069,30,0
5203,997,31,1
5303,798,1,0
5303,761,2,0
5303,752,3,0
5303,751,4,0
5303,641,5,0
5303,637,6,0
5303,682,7,0
5303,643,8,0
5303,647,9,0
5303,651,10,0
5303,801,11,0
5303,822,12,0
5303,1056,13,0
5303,1057,14,0
5303,1058,15,0
5303,829,16,0
5303,830,17,0
5303,816,18,0
5303,817,19,0
5303,828,20,0
5303,832,21,0
5303,1270,22,0
5303,1071,23,0
5303,1072,24,0
5303,866,25,0
5303,850,26,0
5303,1082,27,0
5303,1080,28,0
5303,1069,29,0
5303,997,30,1
5403,911,1,0
5403,914,2,0
5403,917,3,0
5403,938,4,0
5403,1100,5,0
5403,1101,6,0
5403,1105,7,0
5403,1273,8,0
5403,1121,9,0
5403,1110,10,0
5403,1109,11,0
5403,1054,12,0
5403,1048,13,0
5403,1046,14,0
5403,1028,15,0
5403,1026,16,0
5403,1024,17,0
5403,1018,18,0
5403,969,19,0
5403,967,20,0
5403,904,21,0
5403,900,22,0
5403,897,23,0
5403,954,24,0
5403,961,25,0
5403,987,26,0
5403,1001,27,0
5403,1002,28,0
5403,1005,29,0
5403,1007,30,0
5403,1008,31,0
5403,994,32,0
5403,995,33,0
5403,998,34,0
5403,1070,35,0
5403,1081,36,1
10000,1267,1,0
10000,1059,2,0
10000,1077,3,0
10000,1287,4,0
10000,1295,5,0
10000,1294,6,0
10000,1302,7,0
10000,1297,8,0
10000,1298,9,0
10000,1304,10,0
10000,1309,11,0
10000,1306,12,0
10000,1310,13,0
10000,1292,14,0
10000,1303,15,1
10001,1303,1,0
10001,1311,2,0
10001,1308,3,0
10001,1305,4,0
10001,1299,5,0
10001,1300,6,0
10001,1301,7,0
10001,1293,8,0
10001,1296,9,0
10001,1286,10,0
10001,1076,11,0
10001,1058,12,0
10001,1267,13,1
10100,1267,1,0
10100,1059,2,0
10100,1077,3,0
10100,1284,4,0
10100,1289,5,0
10100,1291,6,0
10100,1290,7,0
10100,1288,8,0
10100,1285,9,0
10100,1282,10,0
10100,1281,11,0
10100,1283,12,0
10100,1277,13,0
10100,1276,14,0
10100,1280,15,0
10100,1278,16,0
10100,1279,17,0
10100,1295,18,0
10100,1294,19,0
10100,1302,20,0
10100,1297,21,0
10100,1298,22,0
10100,1304,23,0
10100,1309,24,0
10100,1306,25,0
10100,1310,26,0
10100,1292,27,0
10100,1303,28,1
10101,1303,1,0
10101,1311,2,0
10101,1308,3,0
10101,1305,4,0
10101,1299,5,0
10101,1300,6,0
10101,1301,7,0
10101,1293,8,0
10101,1296,9,0
10101,1282,10,0
10101,1281,11,0
10101,1283,12,0
10101,1277,13,0
10101,1276,14,0
10101,1280,15,0
10101,1278,16,0
10101,1279,17,0
10101,1284,18,0
10101,1289,19,0
10101,1291,20,0
10101,1290,21,0
10101,1288,22,0
10101,1285,23,0
10101,1076,24,0
10101,1058,25,0
10101,1267,26,1
1001203,623,1,0
1001203,669,2,0
1001203,656,3,0
1001203,705,4,0
1001203,950,5,0
1001203,957,6,0
1001203,967,7,0
1001203,904,8,0
1001203,900,9,1
1001204,900,1,0
1001204,895,2,0
1001204,904,3,0
1001204,891,4,0
1001204,887,5,0
1001204,886,6,0
1001204,889,7,0
1001204,885,8,0
1001204,884,9,0
1001204,882,10,0
1001204,881,11,0
1001204,878,12,0
1001204,877,13,0
1001204,879,14,0
1001204,880,15,0
1001204,653,16,0
1001204,636,17,0
1001204,635,18,0
1001204,633,19,0
1001204,632,20,0
1001204,630,21,0
1001204,628,22,0
1001204,624,23,0
1001204,626,24,0
1001204,627,25,0
1001204,622,26,0
1001204,621,27,0
1001204,620,28,0
1001204,623,29,1
