100,2,'0',1
101,2,'1',1
200,2,'0',2
201,2,'1',2
300,2,'0',3
301,2,'1',3
400,2,'0',4
401,2,'1',4
500,2,'0',5
501,2,'1',5
600,2,'0',6
601,2,'1',6
700,2,'0',7
701,2,'1',7
800,2,'0',8
801,2,'1',8
900,2,'0',9
901,2,'1',9
1000,2,'0',10
1001,2,'1',10
1100,2,'0',11
1101,2,'1',11
1203,1,'N',12
1204,1,'S',12
5001,0,'City Ctr Term',50
5000,0,'Edgar Ind',50
5100,2,'0',51
5101,2,'1',51
5203,0,'Riverside Dr',52
5303,0,'Riverside Dr',53
5403,0,'Riverside Dr',54
10000,2,'0',100
10001,2,'1',100
10100,2,'0',101
10101,2,'1',101
1001203,1,'N',10012
1001204,1,'S',10012
