1,100,'1',3799,3800,3801,3802,3803,3804,2530,3805,2448,3806,2450,3807,3808,3809,3810,3811,3812,3813,3814,3815,3816,2906,3817
1,100,'2',3818,3819,3820,3821,3822,3823,3824,3825,1830,3826,3646,3827,3828,3829,1910,3830,3831,3832,3833,3834,2636,3835,3836,3837,3838,3839,3840,191,3841,3842,909,3843,3844,3845,2118,2795,3360
1,100,'3',101,3846,3847,3848,1874,3849,3850,3446,3851,3852,3853,624,3854,2429,3855,3856,3857,3858,848,3859,3860,3861,970,3862,3863,3864,3865,3866,3867,3868,3869,3870,2520,2963,3871,866,3872
1,100,'4',64,3873,3874,3875,1851,3876,3877,3429,3878,3879,3880,592,3881,2283,3782,3882,3883,3884,814,3885,3886,3887,936,3888,3889,3890,3891,3892,3893,3894,3895,3896,2499,2272,3897,832,3898
1,101,'1',3230,3899,3900,3462,3901,3902,3903,3904,1519,3905,2353,3906,3907,3908,3909,2363,3910,3911,3912,3913,3914,3579,3915,3916
1,101,'2',159,3582,3917,3918,3919,2372,3920,3921,3922,3648,3348,3923,171,3924,2917,2467,3925,3926,3351,3927,3129,3928,3929,3588,566,3930,3931,1435,3932,3933,3934,3060,3935,3936,3937,1927,2796,3938
1,101,'3',3939,3940,3941,3942,3943,3944,3945,3946,3388,3947,3948,3299,2338,3949,3950,3951,2428,3952,3953,3303,3954,3955,3956,3957,3958,3959,631,743,3960,2831,3961,3517,1083,3962,3229,3963,2964,3964
1,101,'4',3965,3966,3967,3968,3969,3789,3970,3971,3368,3972,3973,3279,2321,3974,3975,3976,2402,3977,3978,3283,3767,3979,3980,3981,1349,3982,599,709,3983,2811,3984,3502,1052,3985,3207,3986,2944,3987
2,200,'1',3988,3989,3990,3991,3992,3993,3994,2701,3995,2702,3996,1532,3997,3998,3999,4000,4001,3337,2971,4002,3527,4003,4004,3040
2,200,'2',4005,4006,4007,4008,4009,4010,4011,4012,4013,3048,2099,4014,4015,4016,2916,3349,2635,1430,1222,4017,2920,568,4018,4019,186,4020,4021,4022,4023,2865,4024,4025,2480,4026,1570,2569,4027
2,200,'3',4028,4029,4030,2818,1160,2416,2332,1956,4031,3216,4032,4033,3149,4034,4035,4036,4037,4038,3746,4039,251,4040,4041,4042,3626,4043,4044,4045,4046,974,3515,1278,4047,4048,4049,4050,4051
2,200,'4',4052,4053,4054,2801,1130,2390,2315,1933,4055,3195,4056,4057,3134,4058,4059,4060,4061,4062,3728,4063,213,3786,4064,4065,3608,4066,4067,4068,4069,940,3500,1249,4070,4071,4072,4073,4074
2,201,'1',4075,4076,4077,2442,4078,4079,4080,4081,3574,4082,4083,4084,2773,4085,4086,4087,4088,2536,4089,2620,4090,4091,4092,4093
2,201,'2',4094,4095,4096,4097,4098,4099,4100,4101,1827,1744,4102,4103,4104,4105,4106,3704,4107,4108,3532,4109,4110,4111,2466,1013,4112,4113,3127,1670,4114,3711,4115,4116,2793,4117,1124,4118
2,201,'3',4119,4120,4121,4122,2504,4123,3507,4124,3016,4125,4126,3619,4127,4128,4129,3564,3023,2513,252,4130,4131,4132,4133,4134,4135,4136,4137,1626,4138,4139,4140,3753,2898,4141,4142,4143
2,201,'4',4144,4145,4146,4147,2483,4148,3493,3766,2997,4149,4150,3601,4151,4152,4153,3549,3004,2492,214,4154,4155,4156,4157,4158,4159,4160,3777,1593,4161,4162,4163,3736,2881,4164,4165,4166
3,300,'1',4167,1729,4168,2351,4169,4170,1900,4171,4172,4173,4174,4175
3,300,'2',4176,3170,4177,4178,4179,3343,4180,4181,2629,2630,4182,3050,2464,4183,4184,4185,39,4186,3586,4187,4188,4189,4190,4191,2645,4192,3356,574,4193,3717,4194,4195
3,300,'3',4196,3384,4197,4198,4199,4200,4201,4202,4203,3302,4204,4205,1715,2757,4206,4207,4208,2224,2598,4209,2829,4210,4211,4212,2896,4213,4214,4215,4216,4217,3314,4218
3,300,'4',4219,2307,4220,4221,4222,4223,4224,4225,4226,3282,4227,4228,1690,2736,4229,4230,4231,2199,2581,4232,2809,3788,4233,4234,2879,4235,4236,4237,4238,4239,3294,4240
3,301,'1',4241,4242,4243,2700,4244,4245,4246,4247,4248,4249,4250,4251
3,301,'2',432,4252,1826,4253,4254,3344,4255,4256,4257,1999,4258,4259,4260,4261,1109,2918,4262,4263,3712,2643,459,4264,4265,4266,2862,4267,3658,680,4268,4269,4270,2797,4271,4272
3,301,'3',4273,4274,2749,2887,4275,2154,4276,4277,3092,4278,2592,4279,620,2752,2890,4280,4281,4282,1069,3152,3567,4283,4284,2515,4285,4286,4287,4288,2518,2833,4289,1285,4290,1638
3,301,'4',4291,4292,2728,2276,4293,2124,4294,1770,3072,4295,2575,3774,588,2731,2874,4296,4297,4298,1038,3137,3552,4299,3780,2494,4300,4301,4302,4303,2497,2813,4304,1256,4305,1605
4,400,'1',4306,4307,4308,4309,4310,4311,4312,4313,4314,4315,2541,4316,4317
4,400,'2',4318,4319,656,4320,4321,4322,4323,4324,4325,4326,2856,2915,669,4327,4328,2560,4329,4330,1758,4331,3713,4332,792,3178,1321,4333,4334,3593,4335,3359,4336,4337,1848,4338
4,400,'3',4339,4340,2331,4341,4342,3084,4343,2421,4344,4345,4346,2426,4347,4348,2217,3744,2827,2512,3452,4349,253,254,3514,4350,3025,4351,4352,1080,4353,4354,4355,2348,4356,4357
4,400,'4',4358,4359,2314,4360,4361,3066,4362,2395,4363,4364,4365,2400,4366,4367,2192,3727,2808,2491,3434,4368,215,216,3499,4369,3006,4370,4371,1049,4372,4373,4374,2289,4375,4376
4,401,'1',4377,4378,4379,2529,4380,4381,4382,4383,4384,4385,4386,1538
4,401,'2',2709,4387,4388,3474,4389,1663,3645,4390,4391,4392,4393,4394,4395,3482,4396,2105,4397,4398,4399,2638,2640,4400,4401,4402,3355,2863,4403,4404,4405,4406,2866,4407,3274,3541
4,401,'3',4408,3615,4409,4410,2333,3087,4411,4412,4413,4414,4415,4416,4417,4418,4419,3683,4420,4421,394,4422,3453,4423,2164,2895,860,2437,1972,2072,4424,2899,2601,537,4425,1189
4,401,'4',4426,3597,4427,4428,2316,3069,4429,4430,4431,4432,4433,4434,4435,4436,4437,3666,4438,4439,357,4440,3435,4441,2134,2878,826,2410,1949,2042,4442,2882,2584,501,4443,1159
10,1000,'1',4444,4445,4446,4447,4448,4449,4450,4451,4452,3577,4453,2457
10,1000,'2',2459,4454,4455,4456,4457,4458,4459,1996,4460,1007,448,4461,4462,4463,4464,4465,1753,3128,899,4466,4467,4468,4469,2381,3270,2646,4470,4471,4472,4473,195
10,1000,'3',4474,4475,3210,4476,4477,4478,2055,4479,4480,2591,383,1066,4481,4482,3097,4483,4484,4485,4486,4487,4488,4489,4490,4491,4492,2764,4493,3029,4494,3159,4495
10,1000,'4',4496,4497,2309,4498,4499,4500,2025,4501,4502,2574,346,1035,4503,4504,3077,4505,4506,4507,4508,4509,4510,4511,4512,4513,4514,2743,4515,3009,94,3144,4516
10,1001,'1',4517,4518,4519,4520,4521,4522,4523,2843,4524,4525,4526,4527
10,1001,'2',4528,2782,4529,3642,4530,1658,4531,1106,4532,4533,2631,2914,4534,2376,4535,4536,4537,2555,4538,4539,4540,2982,4541,2921,794,2013,4542,4543,2567,4544
10,1001,'3',2672,4545,1063,2949,2950,108,3562,4546,4547,4548,4549,2509,2341,2754,3512,2755,3565,2511,4550,4551,4552,3305,3760,861,4553,4554,4555,4556,4557,4558
10,1001,'4',2649,4559,1032,2933,2934,71,3547,4560,4561,4562,4563,2488,2324,2733,3497,2734,3550,2490,4564,4565,4566,3285,3757,827,4567,4568,4569,4570,4571,4572
11,1100,'1',4573,4574,4575,2614,4576,4577,4578,4579,4580,4581,4582,4583
11,1100,'2',299,4584,3641,436,2975,4585,4586,4587,4588,4589,1421,4590,4591,170,4592,4593,4594,4595,3485,3652,4596,4597,4598,4599,4600,4601,4602,4603,4604
11,1100,'3',2946,4605,3083,723,4606,4607,4608,4609,2053,4610,4611,4612,4613,3022,4614,2595,4615,4616,4617,4618,3027,3157,4619,4620,2519,1512,536,2521,4621
11,1100,'4',2930,4622,3065,689,4623,4624,4625,4626,2023,4627,4628,4629,4630,3003,4631,2578,4632,4633,4634,4635,3007,3142,4636,4637,2498,1479,500,2500,4638
11,1101,'1',4639,4640,4641,4642,3238,4643,4644,4645,547,4646,4647,4648
11,1101,'2',2784,4649,4650,4651,4652,2370,4653,4654,778,4655,4656,447,3418,4657,4658,4659,1216,4660,4661,4662,4663,4664,4665,4666,3058,4667,4668,4669,3361
11,1101,'3',1790,4670,4671,4672,4673,4674,379,2682,4675,4676,4677,2514,4678,3684,4679,4680,853,4681,2436,4682,3224,2517,3158,3309,4683,4684,4685,4686,3692
11,1101,'4',1765,4687,4688,4689,4690,4691,342,2290,4692,4693,4694,2493,4695,3667,1150,4696,819,4697,2409,3791,3202,2496,3143,3289,4698,4699,4700,4701,3675
12,1200,'1',4702,4703,4704,3405,4705,3236,4706,4707,4708,4709,4710,4711,4712,4713,4714,4715,4716,4717,4718,4719,4720,4721,4722,4723,4724,4725,4726
12,1200,'2',996,2845,4727,4728,4729,3047,4730,662,2714,4731,4732,1006,3707,4733,4734,4735,4736,4737,1560,4738,4739,3587,2919,567,3056,4740,4741,51,2860,4742,4743,4744,4745
12,1200,'3',2415,4746,3211,3012,4747,4748,4749,4750,4751,4752,4753,2425,3563,4754,4755,4756,4757,2892,4758,123,2247,4759,4760,4761,4762,4763,2248,3399,2172,4764,4765,1974,4766
12,1200,'4',2389,4767,3190,2993,4768,4769,4770,4771,4772,4773,4774,2399,3548,4775,4776,4777,4778,2876,4779,86,2239,4780,4781,4782,4783,4784,2240,3378,2142,4785,4786,1951,4787
12,1201,'1',3234,3319,2528,3573,4788,4789,4790,4791,4792,2356,4793,4794,4795,2904,4796,4797,4798,4799,4800,4801,4802,4803,4804,3247,4805,4806,2973
12,1201,'2',2974,4807,768,4808,2848,2976,1994,4809,3121,4810,4811,780,4812,4813,3585,3123,4814,4815,2465,4816,561,3264,4817,1316,4818,4819,2641,4820,4821,3182,4822,4823,3362
12,1201,'3',837,3504,4824,2334,4825,3617,3682,4826,3020,112,4827,4828,4829,4830,388,4831,3566,2691,4832,4833,4834,4835,4836,4837,4838,1185,4839,4840,638,2767,4841,4842,4843
12,1201,'4',803,3490,4844,2317,4845,3599,3665,4846,3001,75,4847,4848,4849,4850,351,4851,3551,2667,4852,4853,4854,1153,4855,4856,4857,1155,4858,4859,606,2746,4860,4861,4862
13,1300,'1',4863,4864,3406,4865,758,4866,4867,4868,3699,4869,4870,4871
13,1300,'2',4872,4873,4874,4875,4876,4877,2460,4878,3257,4879,4880,37,4881,4882,1837,4883,4884,4885,1118,4886,2111,1762,4887,2867,4888
13,1300,'3',1607,4889,3385,3680,3089,4890,3509,2215,516,4891,4892,4893,2689,2596,4894,4895,975,1890,4896,4897,4898,4899,4900,640,4901
13,1300,'4',1574,4902,3365,3663,2257,4903,3495,2190,480,4904,4905,4906,2665,2579,4907,4908,941,1867,4909,4910,4911,4912,4913,608,4914
13,1301,'1',4915,4916,4917,4918,4919,4920,4921,4922,4923,4924,4925,4926
13,1301,'2',4927,433,4928,3253,4929,4930,4931,4932,2551,782,2855,4933,2637,4934,4935,4936,1760,3537,2726,4937,333,4938,4939,3425,2387
13,1301,'3',4940,3147,2947,1707,4941,2677,728,4942,4943,1366,2826,4944,4945,4946,4947,3221,3154,4948,2344,4949,4950,4951,4952,4953,4954
13,1301,'4',4955,3132,2931,1682,4956,2654,694,4957,4958,1337,2284,4959,4960,4961,4962,3199,3139,4963,2327,4964,4965,4966,4967,4968,4969
15,1500,'1',4970,2613,4971,3239,4972,4973,4974,4975,4976,4977,2703,4978
15,1500,'2',4979,4980,1742,4981,3171,3173,4982,888,3706,4983,4984,4985,4986,4987,183,4988,3177,2923,4989,4990,1324,4991,1763
15,1500,'3',4992,4993,4994,4995,4996,4997,4998,4999,1495,2825,1881,5000,629,2432,5001,2597,5002,5003,2346,5004,3571,3102,1635
15,1500,'4',5005,5006,5007,5008,5009,5010,5011,5012,1462,2807,1858,5013,597,2405,5014,2580,5015,5016,2329,5017,3556,3081,1602
15,1501,'1',5018,5019,5020,5021,3521,3637,5022,5023,5024,5025,2779,5026
15,1501,'2',5027,5028,5029,5030,5031,5032,5033,5034,2375,5035,3534,5036,5037,2556,5038,5039,185,5040,5041,573,3592,1126,5042
15,1501,'3',5043,2502,5044,5045,2505,5046,5047,957,2508,5048,5049,5050,5051,738,3687,5052,5053,5054,2695,5055,3631,641,3401
15,1501,'4',5056,2482,5057,5058,2484,2122,5059,923,2487,5060,5061,5062,5063,704,3670,5064,5065,5066,2671,5067,3613,609,3380
16,1600,'1',5068,5069,5070,5071,5072,5073,3465,5074,5075,5076,5077,5078
16,1600,'2',5079,5080,5081,1101,5082,5083,5084,5085,5086,5087,5088,5089,5090,5091,5092,5093,2858,5094,2470,1672,5095,676,5096,5097,1120,912,3273,5098,3184,3540
16,1600,'3',2049,5099,3677,5100,3506,5101,5102,5103,512,2823,5104,5105,5106,5107,2342,2954,5108,5109,3396,1970,5110,5111,3627,5112,5113,533,402,5114,2522,3402
16,1600,'4',2019,3771,3661,5115,3492,5116,5117,5118,476,2805,5119,5120,5121,5122,2325,2255,5123,5124,3376,1947,5125,5126,3609,5127,5128,497,365,5129,2501,3381
16,1601,'1',2527,5130,5131,2616,5132,3336,5133,5134,5135,5136,5137,5138
16,1601,'2',5139,3046,5140,1303,30,3256,5141,5142,5143,5144,3484,2720,5145,5146,5147,2983,2984,5148,2384,2924,5149,2725,3272,5150,5151,5152,5153,5154,5155,3187
16,1601,'3',5156,3215,3088,5157,5158,5159,1172,961,5160,5161,2751,5162,5163,5164,2756,1799,5165,529,5166,5167,5168,5169,1806,5170,5171,5172,5173,5174,405,5175
16,1601,'4',5176,3194,3070,1137,5177,5178,1142,927,5179,5180,2730,5181,5182,5183,2735,1774,5184,493,5185,5186,5187,5188,1781,5189,5190,5191,5192,5193,368,5194
18,1800,'3',1361
18,1800,'4',1332
18,1801,'3',5195,5196,3383,5197,5198,3741,1706,615,2886,5199,1958,245,5200,5201,5202,3393,5203,5204,5205,3397,2832,5206,5207,1812,5208,2440
18,1801,'4',5209,5210,3364,5211,5212,3724,1681,583,2871,5213,1935,5214,5215,5216,3373,5217,5218,5219,2259,2812,5220,5221,1787,5222,2413
19,1901,'3',3558,5223,5224,5225,5226,5227,3754,3632
19,1901,'4',3544,3790,5228,5229,5230,5231,3737,3614
111,11100,'3',5232
111,11101,'3',5233
112,11200,'3',3090
112,11201,'3',122
113,11300,'3',5234
113,11301,'3',5235
120,12000,'3',5236
120,12001,'3',3209
121,12100,'3',5237
121,12101,'3',5238
122,12200,'3',5239
122,12201,'3',5240
123,12300,'3',5241
123,12301,'3',1184
130,13000,'3',5242,5243,5244
130,13001,'3',5245,5246
131,13100,'3',2948
131,13101,'3',5247
132,13200,'3',5248
132,13201,'3',389
133,13300,'3',5249
133,13301,'3',5250,5251
134,13400,'3',845,5252
134,13401,'3',5253,5254
135,13500,'3',5255
135,13501,'3',5256
136,13600,'3',2885
136,13601,'3',2894
137,13700,'3',2066
137,13701,'3',5257
138,13800,'3',5258
138,13801,'3',5259
139,13900,'3',5260
139,13901,'3',237
140,14000,'3',5261
140,14001,'3',5262
141,14100,'3',526
141,14101,'3',5263,5264
142,14200,'3',1887
142,14201,'3',5265
143,14300,'3',5266
143,14301,'3',5267
144,14400,'3',5268
144,14401,'3',5269
150,15000,'3',3101
150,15001,'3',5270,5271,1188
151,15100,'3',5272
151,15101,'3',3098
152,15200,'3',5273
152,15201,'3',5274,5275
153,15300,'3',5276
153,15301,'3',5277
154,15400,'3',1629
154,15401,'3',3676
160,16001,'3',5278
