1000,'1',843,,4448,37,4,,0,100,,3577,37,4,,0,100,,4446,37,4,,0,100,,4444,37,4,,0,100,,4451,37,4,,0,100,,4449,37,4,,0,100,,4445,37,4,,0,100,,4453,37,4,,0,100,,2457,37,4,,0,100,,4447,37,4,,0,100,,4452,37,4,,0,100,,4450,37,4,,0
1000,'2',514,,4470,10,4,,0,29,,4468,37,4,,0,70,,4463,37,4,,0,30,,2381,37,4,,0,70,,4465,37,4,,0,30,,1753,37,4,,0,70,,1007,37,4,,0,30,,4454,37,4,,0,70,,899,37,4,,0,30,,4473,37,4,,0,70,,3128,37,4,,0,30,,4456,37,4,,0,70,,1996,37,4,,0,30,,4462,37,4,,0,70,,4459,37,4,,0,30,,2459,37,4,,0,70,,4458,37,4,,0,30,,4457,37,4,,0,70,,4471,37,4,,0,30,,4464,37,4,,0,70,,2646,37,4,,0,30,,4455,37,4,,0,70,,4460,37,4,,0,30,,195,37,4,,0,70,,4467,37,4,,0,30,,4469,37,4,,0,70,,3270,37,4,,0,30,,4461,37,4,,0,70,,4472,37,4,,0,30,,4466,37,4,,0,70,,448,37,4,,0
1000,'3',514,,4494,10,4,,0,29,,4491,37,4,,0,70,,2764,37,4,,0,30,,4495,37,4,,0,70,,4488,37,4,,0,30,,4483,37,4,,0,70,,4480,37,4,,0,30,,3029,37,4,,0,70,,4475,37,4,,0,30,,4485,37,4,,0,70,,4478,37,4,,0,30,,4489,37,4,,0,70,,3097,37,4,,0,30,,4481,37,4,,0,70,,4484,37,4,,0,30,,4487,37,4,,0,70,,2055,37,4,,0,30,,4476,37,4,,0,70,,3159,37,4,,0,30,,2591,37,4,,0,70,,4479,37,4,,0,30,,4492,37,4,,0,70,,4493,37,4,,0,30,,4477,37,4,,0,70,,1066,37,4,,0,30,,4490,37,4,,0,70,,3210,37,4,,0,30,,4482,37,4,,0,70,,4474,37,4,,0,30,,383,37,4,,0,70,,4486,37,4,,0
1000,'4',514,,94,10,4,,0,29,,4513,37,4,,0,70,,2743,37,4,,0,30,,4516,37,4,,0,70,,4510,37,4,,0,30,,4505,37,4,,0,70,,4502,37,4,,0,30,,3009,37,4,,0,70,,4497,37,4,,0,30,,4507,37,4,,0,70,,4500,37,4,,0,30,,4511,37,4,,0,70,,3077,37,4,,0,30,,4503,37,4,,0,70,,4506,37,4,,0,30,,4509,37,4,,0,70,,2025,37,4,,0,30,,4498,37,4,,0,70,,3144,37,4,,0,30,,2574,37,4,,0,70,,4501,37,4,,0,30,,4514,37,4,,0,70,,4515,37,4,,0,30,,4499,37,4,,0,70,,1035,37,4,,0,30,,4512,37,4,,0,70,,2309,37,4,,0,30,,4504,37,4,,0,70,,4496,37,4,,0,30,,346,37,4,,0,70,,4508,37,4,,0
1001,'1',845,,4524,1,0,32,0,100,,4517,1,0,32,0,100,,4527,1,0,32,0,100,,4526,1,0,32,0,100,,4525,1,0,32,0,100,,4522,1,0,32,0,100,,4520,1,0,32,0,100,,4523,1,0,32,0,100,,4518,1,0,32,0,100,,4519,1,0,32,0,100,,2843,1,0,32,0,100,,4521,1,0,32,0
1001,'2',515,,4528,1,0,32,0,30,,4532,1,0,32,0,70,,2013,1,0,32,0,30,,2567,1,0,32,0,70,,4544,1,0,32,0,30,,4531,1,0,32,0,70,,2782,1,0,32,0,30,,4541,1,0,32,0,70,,4534,1,0,32,0,30,,4542,1,0,32,0,70,,1658,1,0,32,0,30,,4543,1,0,32,0,70,,3642,1,0,32,0,30,,794,1,0,32,0,70,,4535,1,0,32,0,30,,4529,1,0,32,0,70,,1106,1,0,32,0,30,,2914,1,0,32,0,70,,4536,1,0,32,0,30,,4533,1,0,32,0,70,,4539,1,0,32,0,30,,2982,1,0,32,0,70,,4540,1,0,32,0,30,,2921,1,0,32,0,70,,4538,1,0,32,0,30,,4537,1,0,32,0,70,,2555,1,0,32,0,30,,2376,1,0,32,0,70,,4530,1,0,32,0,30,,2631,1,0,32,0
1001,'3',515,,4548,1,0,32,0,30,,2949,1,0,32,0,70,,4554,1,0,32,0,30,,4558,1,0,32,0,70,,4555,1,0,32,0,30,,108,1,0,32,0,70,,4546,1,0,32,0,30,,4549,1,0,32,0,70,,4550,1,0,32,0,30,,861,1,0,32,0,70,,2950,1,0,32,0,30,,3565,1,0,32,0,70,,4552,1,0,32,0,30,,4547,1,0,32,0,70,,2511,1,0,32,0,30,,3512,1,0,32,0,70,,2672,1,0,32,0,30,,4551,1,0,32,0,70,,2755,1,0,32,0,30,,3760,1,0,32,0,70,,2341,1,0,32,0,30,,3305,1,0,32,0,70,,4545,1,0,32,0,30,,2754,1,0,32,0,70,,2509,1,0,32,0,30,,1063,1,0,32,0,70,,3562,1,0,32,0,30,,4557,1,0,32,0,70,,4553,1,0,32,0,30,,4556,1,0,32,0
1001,'4',515,,4562,1,0,32,0,30,,2933,1,0,32,0,70,,4568,1,0,32,0,30,,4572,1,0,32,0,70,,4569,1,0,32,0,30,,71,1,0,32,0,70,,4560,1,0,32,0,30,,4563,1,0,32,0,70,,4564,1,0,32,0,30,,827,1,0,32,0,70,,2934,1,0,32,0,30,,3550,1,0,32,0,70,,4566,1,0,32,0,30,,4561,1,0,32,0,70,,2490,1,0,32,0,30,,3497,1,0,32,0,70,,2649,1,0,32,0,30,,4565,1,0,32,0,70,,2734,1,0,32,0,30,,3757,1,0,32,0,70,,2324,1,0,32,0,30,,3285,1,0,32,0,70,,4559,1,0,32,0,30,,2733,1,0,32,0,70,,2488,1,0,32,0,30,,1032,1,0,32,0,70,,3547,1,0,32,0,30,,4571,1,0,32,0,70,,4567,1,0,32,0,30,,4570,1,0,32,0
11100,'3',1506,,5232,20,,,0
11101,'3',741,,5233,10,,,0
13500,'3',1545,,5255,21,4,,0
13501,'3',741,,5256,10,,,0
14000,'3',1550,,5261,1,0,24,0
14001,'3',833,,5262,12,4,,0
14100,'3',1550,,526,1,,,0
14101,'3',835,,5263,19,4,,0
14200,'3',1550,,1887,1,0,50 103 104 53 3 38,0
14201,'3',840,,5265,30,4,,0
14300,'3',1550,,5266,1,0,96 97 10 11 31 3 25 26,0
14301,'3',835,,5267,23,4,,0
14400,'3',1550,,5268,1,0,98 25 107 99 32,0
14401,'3',835,,5269,19,4,,0
