1000,'1',835,,4448,24,0,32,0,100,,3577,24,0,32,0,100,,4446,24,0,32,0,100,,4444,24,0,32,0,100,,4451,24,0,32,0,100,,4449,24,0,32,0,100,,4445,24,0,32,0,100,,4453,24,0,32,0,100,,2457,24,0,32,0,100,,4447,24,0,32,0,100,,4452,24,0,32,0,100,,4450,24,0,32,0
1000,'2',535,,4468,24,0,32,0,70,,4463,24,0,32,0,30,,2381,24,0,32,0,70,,4465,24,0,32,0,30,,1753,24,0,32,0,70,,1007,24,0,32,0,30,,4454,24,0,32,0,70,,899,24,0,32,0,30,,4473,24,0,32,0,70,,3128,24,0,32,0,30,,4456,24,0,32,0,70,,1996,24,0,32,0,30,,4462,24,0,32,0,70,,4459,24,0,32,0,30,,2459,24,0,32,0,70,,4458,24,0,32,0,30,,4457,24,0,32,0,70,,4471,24,0,32,0,30,,4464,24,0,32,0,70,,2646,24,0,32,0,30,,4455,24,0,32,0,70,,4460,24,0,32,0,30,,195,24,0,32,0,70,,4467,24,0,32,0,30,,4469,24,0,32,0,70,,3270,24,0,32,0,30,,4461,24,0,32,0,70,,4472,24,0,32,0,30,,4466,24,0,32,0,70,,448,24,0,32,0
1000,'3',535,,4491,24,0,32,0,70,,2764,24,0,32,0,30,,4495,24,0,32,0,70,,4488,24,0,32,0,30,,4483,24,0,32,0,70,,4480,24,0,32,0,30,,3029,24,0,32,0,70,,4475,24,0,32,0,30,,4485,24,0,32,0,70,,4478,24,0,32,0,30,,4489,24,0,32,0,70,,3097,24,0,32,0,30,,4481,24,0,32,0,70,,4484,24,0,32,0,30,,4487,24,0,32,0,70,,2055,24,0,32,0,30,,4476,24,0,32,0,70,,3159,24,0,32,0,30,,2591,24,0,32,0,70,,4479,24,0,32,0,30,,4492,24,0,32,0,70,,4493,24,0,32,0,30,,4477,24,0,32,0,70,,1066,24,0,32,0,30,,4490,24,0,32,0,70,,3210,24,0,32,0,30,,4482,24,0,32,0,70,,4474,24,0,32,0,30,,383,24,0,32,0,70,,4486,24,0,32,0
1000,'4',535,,4513,24,0,32,0,70,,2743,24,0,32,0,30,,4516,24,0,32,0,70,,4510,24,0,32,0,30,,4505,24,0,32,0,70,,4502,24,0,32,0,30,,3009,24,0,32,0,70,,4497,24,0,32,0,30,,4507,24,0,32,0,70,,4500,24,0,32,0,30,,4511,24,0,32,0,70,,3077,24,0,32,0,30,,4503,24,0,32,0,70,,4506,24,0,32,0,30,,4509,24,0,32,0,70,,2025,24,0,32,0,30,,4498,24,0,32,0,70,,3144,24,0,32,0,30,,2574,24,0,32,0,70,,4501,24,0,32,0,30,,4514,24,0,32,0,70,,4515,24,0,32,0,30,,4499,24,0,32,0,70,,1035,24,0,32,0,30,,4512,24,0,32,0,70,,2309,24,0,32,0,30,,4504,24,0,32,0,70,,4496,24,0,32,0,30,,346,24,0,32,0,70,,4508,24,0,32,0
12100,'3',1603,,5237,15,0,27 28,0
12101,'3',833,,5238,7,0,27 28,0
13700,'3',1543,,2066,20,0,100 10 11 31 3 27 16,0
13701,'3',743,,5257,8,0,33,0
14401,'3',810,,5269,3,0,24,0
15200,'3',1604,,5273,22,0,54 93 105 100 10 11,0
15201,'3',824,,5274,14,0,75 1 76,0,0,,5275,11,0,75 1 76,0
