100,'1',516,,1027,0,41 42 43 44,0,30,,334,0,41 42 43 44,0,70,,497,0,41 42 43 44,0,30,,588,0,41 42 43 44,0,70,,2327,0,41 42 43 44,0,30,,1233,0,41 42 43 44,0,70,,1342,0,41 42 43 44,0,30,,2314,0,41 42 43 44,0,70,,2146,0,41 42 43 44,0,30,,2320,0,41 42 43 44,0,70,,2326,0,41 42 43 44,0,30,,2329,0,41 42 43 44,0,70,,2318,0,41 42 43 44,0,30,,1028,0,41 42 43 44,0,70,,2319,0,41 42 43 44,0,30,,1330,0,41 42 43 44,0,70,,1476,0,41 42 43 44,0,30,,2325,0,41 42 43 44,0,70,,2321,0,41 42 43 44,0,30,,923,0,41 42 43 44,0,70,,2330,0,41 42 43 44,0,30,,1864,0,41 42 43 44,0,70,,1343,0,41 42 43 44,0,30,,1592,0,41 42 43 44,0,70,,2289,0,41 42 43 44,0,30,,1155,0,41 42 43 44,0,70,,2316,0,41 42 43 44,0,30,,2315,0,41 42 43 44,0,70,,2317,0,41 42 43 44,0,30,,2328,0,41 42 43 44,0,70,,2323,0,41 42 43 44,0,30,,1334,0,41 42 43 44,0,70,,95,0,41 42 43 44,0,30,,1247,0,41 42 43 44,0,70,,2324,0,41 42 43 44,0,30,,2322,0,41 42 43 44,0,61,,1257,0,41 42 43 44,0
100,'2',516,,1058,0,41 42 43 44,0,30,,371,0,41 42 43 44,0,70,,533,0,41 42 43 44,0,30,,620,0,41 42 43 44,0,70,,2344,0,41 42 43 44,0,30,,1262,0,41 42 43 44,0,70,,1371,0,41 42 43 44,0,30,,2331,0,41 42 43 44,0,70,,2176,0,41 42 43 44,0,30,,2337,0,41 42 43 44,0,70,,2343,0,41 42 43 44,0,30,,2346,0,41 42 43 44,0,70,,2335,0,41 42 43 44,0,30,,1059,0,41 42 43 44,0,70,,2336,0,41 42 43 44,0,30,,1359,0,41 42 43 44,0,70,,1509,0,41 42 43 44,0,30,,2342,0,41 42 43 44,0,70,,2338,0,41 42 43 44,0,30,,957,0,41 42 43 44,0,70,,2347,0,41 42 43 44,0,30,,1887,0,41 42 43 44,0,70,,1372,0,41 42 43 44,0,30,,1625,0,41 42 43 44,0,70,,2348,0,41 42 43 44,0,30,,1185,0,41 42 43 44,0,70,,2333,0,41 42 43 44,0,30,,2332,0,41 42 43 44,0,70,,2334,0,41 42 43 44,0,30,,2345,0,41 42 43 44,0,70,,2340,0,41 42 43 44,0,30,,1363,0,41 42 43 44,0,70,,132,0,41 42 43 44,0,30,,1276,0,41 42 43 44,0,70,,2341,0,41 42 43 44,0,30,,2339,0,41 42 43 44,0,61,,1286,0,41 42 43 44,0
100,'3',816,,2354,0,41 42 43 44,0,30,,2359,0,41 42 43 44,0,70,,2351,0,41 42 43 44,0,30,,1737,0,41 42 43 44,0,70,,2350,0,41 42 43 44,0,30,,2353,0,41 42 43 44,0,70,,2362,0,41 42 43 44,0,30,,2363,0,41 42 43 44,0,70,,2365,0,41 42 43 44,0,30,,1903,0,41 42 43 44,0,70,,2355,0,41 42 43 44,0,30,,2364,0,41 42 43 44,0,70,,2356,0,41 42 43 44,0,30,,1192,0,41 42 43 44,0,70,,2360,0,41 42 43 44,0,30,,871,0,41 42 43 44,0,70,,2358,0,41 42 43 44,0,30,,2361,0,41 42 43 44,0,70,,1729,0,41 42 43 44,0,30,,2357,0,41 42 43 44,0,70,,1527,0,41 42 43 44,0,30,,2349,0,41 42 43 44,0,70,,2352,0,41 42 43 44,0
100,'4',516,,566,0,41 42 43 44,0,30,,2375,0,41 42 43 44,0,70,,1112,0,41 42 43 44,0,30,,2377,0,41 42 43 44,0,70,,2387,0,41 42 43 44,0,30,,2373,0,41 42 43 44,0,70,,459,0,41 42 43 44,0,30,,1907,0,41 42 43 44,0,70,,2368,0,41 42 43 44,0,30,,2383,0,41 42 43 44,0,70,,2381,0,41 42 43 44,0,30,,2380,0,41 42 43 44,0,70,,1115,0,41 42 43 44,0,30,,2111,0,41 42 43 44,0,70,,1221,0,41 42 43 44,0,30,,2099,0,41 42 43 44,0,70,,37,0,41 42 43 44,0,30,,2370,0,41 42 43 44,0,70,,2369,0,41 42 43 44,0,30,,183,0,41 42 43 44,0,70,,2376,0,41 42 43 44,0,30,,2379,0,41 42 43 44,0,70,,2384,0,41 42 43 44,0,30,,2374,0,41 42 43 44,0,70,,2367,0,41 42 43 44,0,30,,2372,0,41 42 43 44,0,70,,2378,0,41 42 43 44,0,30,,1999,0,41 42 43 44,0,70,,797,0,41 42 43 44,0,30,,1826,0,41 42 43 44,0,70,,2366,0,41 42 43 44,0,30,,2386,0,41 42 43 44,0,70,,2371,0,41 42 43 44,0,30,,48,0,41 42 43 44,0,70,,2385,0,41 42 43 44,0,30,,435,0,41 42 43 44,0,61,,2382,0,41 42 43 44,0
1600,'1',516,,3602,0,68 11,0,30,,3604,0,68 11,0,70,,3603,0,68 11,0,30,,3609,0,68 11,0,70,,3598,0,68 11,0,30,,688,0,68 11,0,70,,832,0,68 11,0,30,,606,0,68 11,0,70,,3608,0,68 11,0,30,,2036,0,68 11,0,70,,3613,0,68 11,0,30,,3599,0,68 11,0,70,,3612,0,68 11,0,30,,829,0,68 11,0,70,,3607,0,68 11,0,30,,1462,0,68 11,0,70,,3601,0,68 11,0,30,,2124,0,68 11,0,70,,3610,0,68 11,0,30,,3597,0,68 11,0,70,,2149,0,68 11,0,30,,1692,0,68 11,0,70,,2019,0,68 11,0,30,,3606,0,68 11,0,70,,925,0,68 11,0,30,,608,0,68 11,0,70,,3614,0,68 11,0,30,,3611,0,68 11,0,70,,3600,0,68 11,0,30,,3605,0,68 11,0
1600,'2',516,,3620,0,68 11,0,30,,3622,0,68 11,0,70,,3621,0,68 11,0,30,,3627,0,68 11,0,70,,3616,0,68 11,0,30,,722,0,68 11,0,70,,866,0,68 11,0,30,,638,0,68 11,0,70,,3626,0,68 11,0,30,,2066,0,68 11,0,70,,3631,0,68 11,0,30,,3617,0,68 11,0,70,,3630,0,68 11,0,30,,863,0,68 11,0,70,,3625,0,68 11,0,30,,1495,0,68 11,0,70,,3619,0,68 11,0,30,,2154,0,68 11,0,70,,3628,0,68 11,0,30,,3615,0,68 11,0,70,,2179,0,68 11,0,30,,1717,0,68 11,0,70,,2049,0,68 11,0,30,,3624,0,68 11,0,70,,959,0,68 11,0,30,,640,0,68 11,0,70,,3632,0,68 11,0,30,,3629,0,68 11,0,70,,3618,0,68 11,0,30,,3623,0,68 11,0
1600,'3',846,,3638,0,68 11,0,100,,3637,0,68 11,0,100,,3636,0,68 11,0,100,,3635,0,68 11,0,100,,418,0,68 11,0,100,,3633,0,68 11,0,100,,280,0,68 11,0,100,,1977,0,68 11,0,100,,3640,0,68 11,0,100,,3639,0,68 11,0,100,,3634,0,68 11,0,100,,1197,0,68 11,0
1600,'4',516,,1988,0,68 11,0,30,,3648,0,68 11,0,70,,1126,0,68 11,0,30,,3657,0,68 11,0,70,,3651,0,68 11,0,30,,3654,0,68 11,0,70,,3649,0,68 11,0,30,,3644,0,68 11,0,70,,3643,0,68 11,0,30,,1118,0,68 11,0,70,,3645,0,68 11,0,30,,3658,0,68 11,0,70,,3655,0,68 11,0,30,,170,0,68 11,0,70,,60,0,68 11,0,30,,3650,0,68 11,0,70,,1658,0,68 11,0,30,,1006,0,68 11,0,70,,3647,0,68 11,0,30,,3656,0,68 11,0,70,,1760,0,68 11,0,30,,885,0,68 11,0,70,,3641,0,68 11,0,30,,569,0,68 11,0,70,,2010,0,68 11,0,30,,3652,0,68 11,0,70,,3653,0,68 11,0,30,,3642,0,68 11,0,70,,3659,0,68 11,0,30,,3646,0,68 11,0
1800,'1',1716,,3720,0,45 46,0
1800,'2',1716,,3721,0,45 46,0
1801,'1',516,,3730,0,45 46,0,30,,3728,0,45 46,0,70,,3727,0,45 46,0,30,,2261,0,45 46,0,70,,340,0,45 46,0,30,,3736,0,45 46,0,70,,2287,0,45 46,0,30,,3722,0,45 46,0,70,,3734,0,45 46,0,30,,3729,0,45 46,0,70,,3726,0,45 46,0,30,,2192,0,45 46,0,70,,3738,0,45 46,0,30,,609,0,45 46,0,70,,3725,0,45 46,0,30,,3737,0,45 46,0,70,,1945,0,45 46,0,30,,3731,0,45 46,0,70,,2032,0,45 46,0,30,,694,0,45 46,0,70,,3733,0,45 46,0,30,,599,0,45 46,0,70,,3735,0,45 46,0,30,,3724,0,45 46,0
1801,'2',516,,3748,0,45 46,0,30,,3746,0,45 46,0,70,,3744,0,45 46,0,30,,3756,0,45 46,0,70,,377,0,45 46,0,30,,3753,0,45 46,0,70,,3745,0,45 46,0,30,,3739,0,45 46,0,70,,3751,0,45 46,0,30,,3747,0,45 46,0,70,,3743,0,45 46,0,30,,2217,0,45 46,0,70,,3755,0,45 46,0,30,,641,0,45 46,0,70,,3742,0,45 46,0,30,,3754,0,45 46,0,70,,1968,0,45 46,0,30,,3749,0,45 46,0,70,,2062,0,45 46,0,30,,728,0,45 46,0,70,,3750,0,45 46,0,30,,631,0,45 46,0,70,,3752,0,45 46,0,30,,3741,0,45 46,0
16001,'1',847,,3798,,,0
