101,'1',833,,3915,4,0,40 41 42 43,0,70,,3908,4,0,40 41 42 43,0,30,,3906,4,0,40 41 42 43,0,70,,3230,4,0,40 41 42 43,0,30,,3905,4,0,40 41 42 43,0,70,,3916,4,0,40 41 42 43,0,30,,3904,4,0,40 41 42 43,0,70,,3903,4,0,40 41 42 43,0,30,,2363,4,0,40 41 42 43,0,70,,3910,4,0,40 41 42 43,0,30,,3462,4,0,40 41 42 43,0,70,,1519,4,0,40 41 42 43,0,30,,3912,4,0,40 41 42 43,0,70,,3911,4,0,40 41 42 43,0,30,,2353,4,0,40 41 42 43,0,70,,3909,4,0,40 41 42 43,0,30,,3899,4,0,40 41 42 43,0,70,,3901,4,0,40 41 42 43,0,30,,3914,4,0,40 41 42 43,0,70,,3902,4,0,40 41 42 43,0,30,,3579,4,0,40 41 42 43,0,70,,3913,4,0,40 41 42 43,0,30,,3907,4,0,40 41 42 43,0
101,'2',533,,3930,4,0,40 41 42 43,0,70,,566,4,0,40 41 42 43,0,30,,3924,4,0,40 41 42 43,0,70,,159,4,0,40 41 42 43,0,30,,3582,4,0,40 41 42 43,0,70,,2796,4,0,40 41 42 43,0,30,,3919,4,0,40 41 42 43,0,70,,2917,4,0,40 41 42 43,0,30,,3917,4,0,40 41 42 43,0,70,,3925,4,0,40 41 42 43,0,30,,3348,4,0,40 41 42 43,0,70,,3932,4,0,40 41 42 43,0,30,,3928,4,0,40 41 42 43,0,70,,3648,4,0,40 41 42 43,0,30,,3929,4,0,40 41 42 43,0,70,,3060,4,0,40 41 42 43,0,30,,3927,4,0,40 41 42 43,0,70,,1927,4,0,40 41 42 43,0,30,,2372,4,0,40 41 42 43,0,70,,3921,4,0,40 41 42 43,0,30,,3918,4,0,40 41 42 43,0,70,,3934,4,0,40 41 42 43,0,30,,3926,4,0,40 41 42 43,0,70,,3129,4,0,40 41 42 43,0,30,,2467,4,0,40 41 42 43,0,70,,3936,4,0,40 41 42 43,0,30,,3938,4,0,40 41 42 43,0,70,,3588,4,0,40 41 42 43,0,30,,3922,4,0,40 41 42 43,0,70,,3935,4,0,40 41 42 43,0,30,,3920,4,0,40 41 42 43,0,70,,1435,4,0,40 41 42 43,0,30,,3937,4,0,40 41 42 43,0,70,,3933,4,0,40 41 42 43,0,30,,171,4,0,40 41 42 43,0,70,,3931,4,0,40 41 42 43,0,30,,3351,4,0,40 41 42 43,0
101,'3',533,,2831,4,0,40 41 42 43,0,70,,3517,4,0,40 41 42 43,0,30,,2338,4,0,40 41 42 43,0,70,,3957,4,0,40 41 42 43,0,30,,3963,4,0,40 41 42 43,0,70,,3303,4,0,40 41 42 43,0,30,,3960,4,0,40 41 42 43,0,70,,1083,4,0,40 41 42 43,0,30,,3946,4,0,40 41 42 43,0,70,,3956,4,0,40 41 42 43,0,30,,3958,4,0,40 41 42 43,0,70,,3954,4,0,40 41 42 43,0,30,,3948,4,0,40 41 42 43,0,70,,3952,4,0,40 41 42 43,0,30,,3955,4,0,40 41 42 43,0,70,,3951,4,0,40 41 42 43,0,30,,3942,4,0,40 41 42 43,0,70,,3941,4,0,40 41 42 43,0,30,,3939,4,0,40 41 42 43,0,70,,3962,4,0,40 41 42 43,0,30,,3953,4,0,40 41 42 43,0,70,,2428,4,0,40 41 42 43,0,30,,3949,4,0,40 41 42 43,0,70,,3945,4,0,40 41 42 43,0,30,,3961,4,0,40 41 42 43,0,70,,3959,4,0,40 41 42 43,0,30,,631,4,0,40 41 42 43,0,70,,3940,4,0,40 41 42 43,0,30,,3950,4,0,40 41 42 43,0,70,,3299,4,0,40 41 42 43,0,30,,3964,4,0,40 41 42 43,0,70,,2964,4,0,40 41 42 43,0,30,,3947,4,0,40 41 42 43,0,70,,3388,4,0,40 41 42 43,0,30,,743,4,0,40 41 42 43,0,70,,3943,4,0,40 41 42 43,0,30,,3944,4,0,40 41 42 43,0
101,'4',533,,2811,4,0,40 41 42 43,0,70,,3502,4,0,40 41 42 43,0,30,,2321,4,0,40 41 42 43,0,70,,3981,4,0,40 41 42 43,0,30,,3986,4,0,40 41 42 43,0,70,,3283,4,0,40 41 42 43,0,30,,3983,4,0,40 41 42 43,0,70,,1052,4,0,40 41 42 43,0,30,,3971,4,0,40 41 42 43,0,70,,3980,4,0,40 41 42 43,0,30,,1349,4,0,40 41 42 43,0,70,,3767,4,0,40 41 42 43,0,30,,3973,4,0,40 41 42 43,0,70,,3977,4,0,40 41 42 43,0,30,,3979,4,0,40 41 42 43,0,70,,3976,4,0,40 41 42 43,0,30,,3968,4,0,40 41 42 43,0,70,,3966,4,0,40 41 42 43,0,30,,3965,4,0,40 41 42 43,0,70,,3985,4,0,40 41 42 43,0,30,,3978,4,0,40 41 42 43,0,70,,2402,4,0,40 41 42 43,0,30,,3974,4,0,40 41 42 43,0,70,,3970,4,0,40 41 42 43,0,30,,3984,4,0,40 41 42 43,0,70,,3982,4,0,40 41 42 43,0,30,,599,4,0,40 41 42 43,0,70,,3967,4,0,40 41 42 43,0,30,,3975,4,0,40 41 42 43,0,70,,3279,4,0,40 41 42 43,0,30,,3987,4,0,40 41 42 43,0,70,,2944,4,0,40 41 42 43,0,30,,3972,4,0,40 41 42 43,0,70,,3368,4,0,40 41 42 43,0,30,,709,4,0,40 41 42 43,0,70,,3969,4,0,40 41 42 43,0,30,,3789,4,0,40 41 42 43,0
1501,'1',848,,5018,11,0,38 2 39,0,100,,5022,11,0,38 2 39,0,100,,5024,11,0,38 2 39,0,100,,5025,11,0,38 2 39,0,100,,5021,11,0,38 2 39,0,100,,5020,11,0,38 2 39,0,100,,5026,11,0,38 2 39,0,100,,5019,11,0,38 2 39,0,100,,3521,11,0,38 2 39,0,100,,2779,11,0,38 2 39,0,100,,3637,11,0,38 2 39,0,100,,5023,11,0,38 2 39,0
1501,'2',548,,5032,11,0,38 2 39,0,70,,5038,11,0,38 2 39,0,30,,2556,11,0,38 2 39,0,70,,5029,11,0,38 2 39,0,30,,5034,11,0,38 2 39,0,70,,5030,11,0,38 2 39,0,30,,185,11,0,38 2 39,0,70,,5027,11,0,38 2 39,0,30,,3534,11,0,38 2 39,0,100,,5042,11,0,38 2 39,0,100,,5041,11,0,38 2 39,0,100,,5031,11,0,38 2 39,0,100,,3592,11,0,38 2 39,0,100,,2375,11,0,38 2 39,0,70,,5039,11,0,38 2 39,0,30,,1126,11,0,38 2 39,0,70,,5036,11,0,38 2 39,0,30,,5033,11,0,38 2 39,0,70,,573,11,0,38 2 39,0,30,,5028,11,0,38 2 39,0,70,,5037,11,0,38 2 39,0,30,,5040,11,0,38 2 39,0,100,,5035,11,0,38 2 39,0
1501,'3',548,,5045,11,0,38 2 39,0,70,,2508,11,0,38 2 39,0,30,,5052,11,0,38 2 39,0,70,,5046,11,0,38 2 39,0,30,,3631,11,0,38 2 39,0,70,,2502,11,0,38 2 39,0,30,,5047,11,0,38 2 39,0,70,,5043,11,0,38 2 39,0,30,,3401,11,0,38 2 39,0,100,,641,11,0,38 2 39,0,100,,5050,11,0,38 2 39,0,100,,5054,11,0,38 2 39,0,100,,2505,11,0,38 2 39,0,100,,3687,11,0,38 2 39,0,70,,5048,11,0,38 2 39,0,30,,5051,11,0,38 2 39,0,70,,5053,11,0,38 2 39,0,30,,2695,11,0,38 2 39,0,70,,5055,11,0,38 2 39,0,30,,738,11,0,38 2 39,0,70,,5044,11,0,38 2 39,0,30,,957,11,0,38 2 39,0,100,,5049,11,0,38 2 39,0
1501,'4',548,,5058,11,0,38 2 39,0,70,,2487,11,0,38 2 39,0,30,,5064,11,0,38 2 39,0,70,,2122,11,0,38 2 39,0,30,,3613,11,0,38 2 39,0,70,,2482,11,0,38 2 39,0,30,,5059,11,0,38 2 39,0,70,,5056,11,0,38 2 39,0,30,,3380,11,0,38 2 39,0,100,,609,11,0,38 2 39,0,100,,5062,11,0,38 2 39,0,100,,5066,11,0,38 2 39,0,100,,2484,11,0,38 2 39,0,100,,3670,11,0,38 2 39,0,70,,5060,11,0,38 2 39,0,30,,5063,11,0,38 2 39,0,70,,5065,11,0,38 2 39,0,30,,2671,11,0,38 2 39,0,70,,5067,11,0,38 2 39,0,30,,704,11,0,38 2 39,0,70,,5057,11,0,38 2 39,0,30,,923,11,0,38 2 39,0,100,,5061,11,0,38 2 39,0
11201,'3',745,,122,14,,,0
14101,'3',825,,5263,16,,,0
