1000,'1',824,,4448,9,0,32,0,100,,3577,9,0,32,0,100,,4446,9,0,32,0,100,,4444,9,0,32,0,100,,4451,9,0,32,0,100,,4449,9,0,32,0,100,,4445,9,0,32,0,100,,4453,9,0,32,0,100,,2457,9,0,32,0,100,,4447,9,0,32,0,100,,4452,9,0,32,0,100,,4450,9,0,32,0
1000,'2',524,,4468,9,0,32,0,30,,4463,9,0,32,0,70,,2381,9,0,32,0,30,,4465,9,0,32,0,70,,1753,9,0,32,0,30,,1007,9,0,32,0,70,,4454,9,0,32,0,30,,899,9,0,32,0,70,,4473,9,0,32,0,30,,3128,9,0,32,0,70,,4456,9,0,32,0,30,,1996,9,0,32,0,70,,4462,9,0,32,0,30,,4459,9,0,32,0,70,,2459,9,0,32,0,30,,4458,9,0,32,0,70,,4457,9,0,32,0,30,,4471,9,0,32,0,70,,4464,9,0,32,0,30,,2646,9,0,32,0,70,,4455,9,0,32,0,30,,4460,9,0,32,0,70,,195,9,0,32,0,30,,4467,9,0,32,0,70,,4469,9,0,32,0,30,,3270,9,0,32,0,70,,4461,9,0,32,0,30,,4472,9,0,32,0,70,,4466,9,0,32,0,30,,448,9,0,32,0
1000,'3',524,,4491,9,0,32,0,30,,2764,9,0,32,0,70,,4495,9,0,32,0,30,,4488,9,0,32,0,70,,4483,9,0,32,0,30,,4480,9,0,32,0,70,,3029,9,0,32,0,30,,4475,9,0,32,0,70,,4485,9,0,32,0,30,,4478,9,0,32,0,70,,4489,9,0,32,0,30,,3097,9,0,32,0,70,,4481,9,0,32,0,30,,4484,9,0,32,0,70,,4487,9,0,32,0,30,,2055,9,0,32,0,70,,4476,9,0,32,0,30,,3159,9,0,32,0,70,,2591,9,0,32,0,30,,4479,9,0,32,0,70,,4492,9,0,32,0,30,,4493,9,0,32,0,70,,4477,9,0,32,0,30,,1066,9,0,32,0,70,,4490,9,0,32,0,30,,3210,9,0,32,0,70,,4482,9,0,32,0,30,,4474,9,0,32,0,70,,383,9,0,32,0,30,,4486,9,0,32,0
1000,'4',524,,4513,9,0,32,0,30,,2743,9,0,32,0,70,,4516,9,0,32,0,30,,4510,9,0,32,0,70,,4505,9,0,32,0,30,,4502,9,0,32,0,70,,3009,9,0,32,0,30,,4497,9,0,32,0,70,,4507,9,0,32,0,30,,4500,9,0,32,0,70,,4511,9,0,32,0,30,,3077,9,0,32,0,70,,4503,9,0,32,0,30,,4506,9,0,32,0,70,,4509,9,0,32,0,30,,2025,9,0,32,0,70,,4498,9,0,32,0,30,,3144,9,0,32,0,70,,2574,9,0,32,0,30,,4501,9,0,32,0,70,,4514,9,0,32,0,30,,4515,9,0,32,0,70,,4499,9,0,32,0,30,,1035,9,0,32,0,70,,4512,9,0,32,0,30,,2309,9,0,32,0,70,,4504,9,0,32,0,30,,4496,9,0,32,0,70,,346,9,0,32,0,30,,4508,9,0,32,0
11100,'3',1457,,5232,7,,,0
12000,'3',1600,,5236,6,0,25 26 3 27 16,0
12100,'3',1550,,5237,6,0,27 28,0
13500,'3',1529,,5255,6,0,98 99 25 26 3 25 36,0
13700,'3',1529,,2066,6,0,100 10 11 31 3 27 16,0
14001,'3',819,,5262,5,0,24,0
15001,'3',749,,5270,5,,,0,70,,1188,5,,,0,30,,5271,5,,,0
