1000,'1',836,,4448,25,0,32,0,100,,3577,25,0,32,0,100,,4446,25,0,32,0,100,,4444,25,0,32,0,100,,4451,25,0,32,0,100,,4449,25,0,32,0,100,,4445,25,0,32,0,100,,4453,25,0,32,0,100,,2457,25,0,32,0,100,,4447,25,0,32,0,100,,4452,25,0,32,0,100,,4450,25,0,32,0
1000,'2',536,,4468,25,0,32,0,70,,4463,25,0,32,0,30,,2381,25,0,32,0,70,,4465,25,0,32,0,30,,1753,25,0,32,0,70,,1007,25,0,32,0,30,,4454,25,0,32,0,70,,899,25,0,32,0,30,,4473,25,0,32,0,70,,3128,25,0,32,0,30,,4456,25,0,32,0,70,,1996,25,0,32,0,30,,4462,25,0,32,0,70,,4459,25,0,32,0,30,,2459,25,0,32,0,70,,4458,25,0,32,0,30,,4457,25,0,32,0,70,,4471,25,0,32,0,30,,4464,25,0,32,0,70,,2646,25,0,32,0,30,,4455,25,0,32,0,70,,4460,25,0,32,0,30,,195,25,0,32,0,70,,4467,25,0,32,0,30,,4469,25,0,32,0,70,,3270,25,0,32,0,30,,4461,25,0,32,0,70,,4472,25,0,32,0,30,,4466,25,0,32,0,70,,448,25,0,32,0
1000,'3',536,,4491,25,0,32,0,70,,2764,25,0,32,0,30,,4495,25,0,32,0,70,,4488,25,0,32,0,30,,4483,25,0,32,0,70,,4480,25,0,32,0,30,,3029,25,0,32,0,70,,4475,25,0,32,0,30,,4485,25,0,32,0,70,,4478,25,0,32,0,30,,4489,25,0,32,0,70,,3097,25,0,32,0,30,,4481,25,0,32,0,70,,4484,25,0,32,0,30,,4487,25,0,32,0,70,,2055,25,0,32,0,30,,4476,25,0,32,0,70,,3159,25,0,32,0,30,,2591,25,0,32,0,70,,4479,25,0,32,0,30,,4492,25,0,32,0,70,,4493,25,0,32,0,30,,4477,25,0,32,0,70,,1066,25,0,32,0,30,,4490,25,0,32,0,70,,3210,25,0,32,0,30,,4482,25,0,32,0,70,,4474,25,0,32,0,30,,383,25,0,32,0,70,,4486,25,0,32,0
1000,'4',536,,4513,25,0,32,0,70,,2743,25,0,32,0,30,,4516,25,0,32,0,70,,4510,25,0,32,0,30,,4505,25,0,32,0,70,,4502,25,0,32,0,30,,3009,25,0,32,0,70,,4497,25,0,32,0,30,,4507,25,0,32,0,70,,4500,25,0,32,0,30,,4511,25,0,32,0,70,,3077,25,0,32,0,30,,4503,25,0,32,0,70,,4506,25,0,32,0,30,,4509,25,0,32,0,70,,2025,25,0,32,0,30,,4498,25,0,32,0,70,,3144,25,0,32,0,30,,2574,25,0,32,0,70,,4501,25,0,32,0,30,,4514,25,0,32,0,70,,4515,25,0,32,0,30,,4499,25,0,32,0,70,,1035,25,0,32,0,30,,4512,25,0,32,0,70,,2309,25,0,32,0,30,,4504,25,0,32,0,70,,4496,25,0,32,0,30,,346,25,0,32,0,70,,4508,25,0,32,0
12100,'3',1558,,5237,12,0,27 28,0
12101,'3',828,,5238,4,0,27 28,0
13700,'3',1538,,2066,16,0,100 10 11 31 3 27 16,0
13701,'3',738,,5257,4,0,33,0
14401,'3',813,,5269,6,0,24,0
15200,'3',1601,,5273,18,0,54 93 105 100 10 11,0
15201,'3',821,,5274,11,0,75 1 76,0,0,,5275,8,0,75 1 76,0
