101,'1',535,,352,0,41 42 43 44,0,70,,2409,0,41 42 43 44,0,30,,2134,0,41 42 43 44,0,70,,2410,0,41 42 43 44,0,30,,2404,0,41 42 43 44,0,70,,2407,0,41 42 43 44,0,30,,2390,0,41 42 43 44,0,70,,2283,0,41 42 43 44,0,30,,2396,0,41 42 43 44,0,70,,2399,0,41 42 43 44,0,30,,2391,0,41 42 43 44,0,70,,2413,0,41 42 43 44,0,30,,210,0,41 42 43 44,0,70,,2405,0,41 42 43 44,0,30,,1699,0,41 42 43 44,0,70,,2125,0,41 42 43 44,0,30,,2393,0,41 42 43 44,0,70,,2411,0,41 42 43 44,0,30,,2389,0,41 42 43 44,0,70,,2406,0,41 42 43 44,0,30,,2394,0,41 42 43 44,0,70,,2392,0,41 42 43 44,0,30,,2400,0,41 42 43 44,0,70,,197,0,41 42 43 44,0,30,,2402,0,41 42 43 44,0,70,,2408,0,41 42 43 44,0,30,,938,0,41 42 43 44,0,70,,476,0,41 42 43 44,0,30,,2412,0,41 42 43 44,0,70,,2388,0,41 42 43 44,0,30,,2401,0,41 42 43 44,0,70,,1698,0,41 42 43 44,0,30,,2395,0,41 42 43 44,0,70,,2403,0,41 42 43 44,0,30,,2038,0,41 42 43 44,0,70,,2398,0,41 42 43 44,0,30,,2397,0,41 42 43 44,0
101,'2',535,,389,0,41 42 43 44,0,70,,2436,0,41 42 43 44,0,30,,2164,0,41 42 43 44,0,70,,2437,0,41 42 43 44,0,30,,2431,0,41 42 43 44,0,70,,2434,0,41 42 43 44,0,30,,2416,0,41 42 43 44,0,70,,2429,0,41 42 43 44,0,30,,2422,0,41 42 43 44,0,70,,2425,0,41 42 43 44,0,30,,2417,0,41 42 43 44,0,70,,2440,0,41 42 43 44,0,30,,248,0,41 42 43 44,0,70,,2432,0,41 42 43 44,0,30,,1724,0,41 42 43 44,0,70,,2155,0,41 42 43 44,0,30,,2419,0,41 42 43 44,0,70,,2438,0,41 42 43 44,0,30,,2415,0,41 42 43 44,0,70,,2433,0,41 42 43 44,0,30,,2420,0,41 42 43 44,0,70,,2418,0,41 42 43 44,0,30,,2426,0,41 42 43 44,0,70,,235,0,41 42 43 44,0,30,,2428,0,41 42 43 44,0,70,,2435,0,41 42 43 44,0,30,,972,0,41 42 43 44,0,70,,512,0,41 42 43 44,0,30,,2439,0,41 42 43 44,0,70,,2414,0,41 42 43 44,0,30,,2427,0,41 42 43 44,0,70,,1723,0,41 42 43 44,0,30,,2421,0,41 42 43 44,0,70,,2430,0,41 42 43 44,0,30,,2068,0,41 42 43 44,0,70,,2424,0,41 42 43 44,0,30,,2423,0,41 42 43 44,0
101,'3',835,,2455,0,41 42 43 44,0,70,,2451,0,41 42 43 44,0,30,,2447,0,41 42 43 44,0,70,,2454,0,41 42 43 44,0,30,,2443,0,41 42 43 44,0,70,,2456,0,41 42 43 44,0,30,,2442,0,41 42 43 44,0,70,,2450,0,41 42 43 44,0,30,,2458,0,41 42 43 44,0,70,,2445,0,41 42 43 44,0,30,,1897,0,41 42 43 44,0,70,,295,0,41 42 43 44,0,30,,1905,0,41 42 43 44,0,70,,2457,0,41 42 43 44,0,30,,875,0,41 42 43 44,0,70,,22,0,41 42 43 44,0,30,,2444,0,41 42 43 44,0,70,,2441,0,41 42 43 44,0,30,,758,0,41 42 43 44,0,70,,2446,0,41 42 43 44,0,30,,2448,0,41 42 43 44,0,70,,2449,0,41 42 43 44,0,30,,2453,0,41 42 43 44,0
101,'4',535,,2460,0,41 42 43 44,0,70,,782,0,41 42 43 44,0,30,,2471,0,41 42 43 44,0,70,,2461,0,41 42 43 44,0,30,,2468,0,41 42 43 44,0,70,,2478,0,41 42 43 44,0,30,,308,0,41 42 43 44,0,70,,2477,0,41 42 43 44,0,30,,889,0,41 42 43 44,0,70,,2465,0,41 42 43 44,0,30,,2093,0,41 42 43 44,0,70,,2117,0,41 42 43 44,0,30,,2479,0,41 42 43 44,0,70,,2481,0,41 42 43 44,0,30,,786,0,41 42 43 44,0,70,,2470,0,41 42 43 44,0,30,,2474,0,41 42 43 44,0,70,,2480,0,41 42 43 44,0,30,,567,0,41 42 43 44,0,70,,446,0,41 42 43 44,0,30,,2467,0,41 42 43 44,0,70,,2472,0,41 42 43 44,0,30,,448,0,41 42 43 44,0,70,,2475,0,41 42 43 44,0,30,,1927,0,41 42 43 44,0,70,,2473,0,41 42 43 44,0,30,,2469,0,41 42 43 44,0,70,,1561,0,41 42 43 44,0,30,,768,0,41 42 43 44,0,70,,2476,0,41 42 43 44,0,30,,2459,0,41 42 43 44,0,70,,906,0,41 42 43 44,0,30,,180,0,41 42 43 44,0,70,,2464,0,41 42 43 44,0,30,,2463,0,41 42 43 44,0,70,,1554,0,41 42 43 44,0,30,,2462,0,41 42 43 44,0
1501,'1',551,,3547,0,39 2 40,0,70,,3549,0,39 2 40,0,30,,488,0,39 2 40,0,70,,198,0,39 2 40,0,30,,482,0,39 2 40,0,70,,3546,0,39 2 40,0,30,,477,0,39 2 40,0,70,,2268,0,39 2 40,0,30,,3543,0,39 2 40,0,100,,3544,0,39 2 40,0,100,,3550,0,39 2 40,0,100,,3548,0,39 2 40,0,100,,3545,0,39 2 40,0,100,,3554,0,39 2 40,0,70,,3552,0,39 2 40,0,30,,3553,0,39 2 40,0,70,,1677,0,39 2 40,0,30,,1867,0,39 2 40,0,70,,1855,0,39 2 40,0,30,,3551,0,39 2 40,0,70,,3555,0,39 2 40,0,30,,3556,0,39 2 40,0,100,,2143,0,39 2 40,0
1501,'2',551,,3562,0,39 2 40,0,70,,3564,0,39 2 40,0,30,,524,0,39 2 40,0,70,,236,0,39 2 40,0,30,,518,0,39 2 40,0,70,,3561,0,39 2 40,0,30,,513,0,39 2 40,0,70,,3559,0,39 2 40,0,30,,3557,0,39 2 40,0,100,,3558,0,39 2 40,0,100,,3565,0,39 2 40,0,100,,3563,0,39 2 40,0,100,,3560,0,39 2 40,0,100,,3569,0,39 2 40,0,70,,3567,0,39 2 40,0,30,,3568,0,39 2 40,0,70,,1702,0,39 2 40,0,30,,1890,0,39 2 40,0,70,,1878,0,39 2 40,0,30,,3566,0,39 2 40,0,70,,3570,0,39 2 40,0,30,,3571,0,39 2 40,0,100,,2173,0,39 2 40,0
1501,'3',852,,3578,0,39 2 40,0,100,,1395,0,39 2 40,0,100,,3572,0,39 2 40,0,100,,3573,0,39 2 40,0,100,,3576,0,39 2 40,0,100,,1538,0,39 2 40,0,100,,3574,0,39 2 40,0,100,,3575,0,39 2 40,0,100,,3577,0,39 2 40,0,100,,1517,0,39 2 40,0,100,,3579,0,39 2 40,0,100,,1398,0,39 2 40,0
1501,'4',551,,3587,0,39 2 40,0,70,,3590,0,39 2 40,0,30,,3581,0,39 2 40,0,70,,3584,0,39 2 40,0,30,,573,0,39 2 40,0,70,,1929,0,39 2 40,0,30,,3593,0,39 2 40,0,70,,3580,0,39 2 40,0,30,,1321,0,39 2 40,0,100,,3582,0,39 2 40,0,100,,3583,0,39 2 40,0,100,,314,0,39 2 40,0,100,,678,0,39 2 40,0,100,,3596,0,39 2 40,0,70,,3594,0,39 2 40,0,30,,3585,0,39 2 40,0,70,,3586,0,39 2 40,0,30,,3591,0,39 2 40,0,70,,3595,0,39 2 40,0,30,,3592,0,39 2 40,0,70,,177,0,39 2 40,0,30,,3588,0,39 2 40,0,100,,3589,0,39 2 40,0
13101,'1',756,,3773,,,0
13401,'1',748,,3777,,,0,1,,3776,,,0
13801,'1',750,,1454,,,0
