1800,'3',1716,,1361,2,0,44 45,0
1800,'4',1716,,1332,2,0,44 45,0
1801,'3',515,,5203,2,0,44 45,0,30,,5200,2,0,44 45,0,70,,615,2,0,44 45,0,30,,5197,2,0,44 45,0,70,,3741,2,0,44 45,0,30,,5198,2,0,44 45,0,70,,2440,2,0,44 45,0,30,,1812,2,0,44 45,0,70,,5195,2,0,44 45,0,30,,2886,2,0,44 45,0,70,,5201,2,0,44 45,0,30,,5199,2,0,44 45,0,70,,5207,2,0,44 45,0,30,,5208,2,0,44 45,0,70,,3393,2,0,44 45,0,30,,5205,2,0,44 45,0,70,,3383,2,0,44 45,0,30,,5202,2,0,44 45,0,70,,5206,2,0,44 45,0,30,,1958,2,0,44 45,0,70,,3397,2,0,44 45,0,30,,5204,2,0,44 45,0,70,,5196,2,0,44 45,0,30,,1706,2,0,44 45,0
1801,'4',515,,5217,2,0,44 45,0,30,,5214,2,0,44 45,0,70,,583,2,0,44 45,0,30,,5211,2,0,44 45,0,70,,3724,2,0,44 45,0,30,,5212,2,0,44 45,0,70,,2413,2,0,44 45,0,30,,1787,2,0,44 45,0,70,,5209,2,0,44 45,0,30,,2871,2,0,44 45,0,70,,5215,2,0,44 45,0,30,,5213,2,0,44 45,0,70,,5221,2,0,44 45,0,30,,5222,2,0,44 45,0,70,,3373,2,0,44 45,0,30,,5219,2,0,44 45,0,70,,3364,2,0,44 45,0,30,,5216,2,0,44 45,0,70,,5220,2,0,44 45,0,30,,1935,2,0,44 45,0,70,,2259,2,0,44 45,0,30,,5218,2,0,44 45,0,70,,5210,2,0,44 45,0,30,,1681,2,0,44 45,0
11100,'3',1455,,5232,1,,,0
11101,'3',800,,5233,22,4,,0
11200,'3',1455,,3090,1,0,44 101 102 48 49 3 25 36,0
11201,'3',805,,122,30,4,,0
11300,'3',1455,,5234,1,,,0
11301,'3',805,,5235,20,4,,0
13301,'3',757,,5251,16,,,0
16001,'3',846,,5278,2,,,0
