1500,'1',821,,4973,6,0,38 2 39,0,100,,4971,6,0,38 2 39,0,100,,4977,6,0,38 2 39,0,100,,4974,6,0,38 2 39,0,100,,4975,6,0,38 2 39,0,100,,4970,6,0,38 2 39,0,100,,4976,6,0,38 2 39,0,100,,2613,6,0,38 2 39,0,100,,4978,6,0,38 2 39,0,100,,2703,6,0,38 2 39,0,100,,4972,6,0,38 2 39,0,100,,3239,6,0,38 2 39,0
1500,'2',521,,1763,6,0,38 2 39,0,30,,4981,6,0,38 2 39,0,70,,4990,6,0,38 2 39,0,30,,888,6,0,38 2 39,0,70,,4985,6,0,38 2 39,0,30,,1324,6,0,38 2 39,0,70,,4988,6,0,38 2 39,0,30,,4980,6,0,38 2 39,0,70,,1742,6,0,38 2 39,0,100,,4991,6,0,38 2 39,0,100,,183,6,0,38 2 39,0,100,,3171,6,0,38 2 39,0,100,,3177,6,0,38 2 39,0,100,,2923,6,0,38 2 39,0,30,,4982,6,0,38 2 39,0,70,,3173,6,0,38 2 39,0,30,,3706,6,0,38 2 39,0,70,,4979,6,0,38 2 39,0,30,,4989,6,0,38 2 39,0,70,,4983,6,0,38 2 39,0,30,,4986,6,0,38 2 39,0,70,,4987,6,0,38 2 39,0,100,,4984,6,0,38 2 39,0
1500,'3',521,,5000,6,0,38 2 39,0,30,,5003,6,0,38 2 39,0,70,,4996,6,0,38 2 39,0,30,,629,6,0,38 2 39,0,70,,5004,6,0,38 2 39,0,30,,2597,6,0,38 2 39,0,70,,4993,6,0,38 2 39,0,30,,5002,6,0,38 2 39,0,70,,4997,6,0,38 2 39,0,100,,4995,6,0,38 2 39,0,100,,1495,6,0,38 2 39,0,100,,3571,6,0,38 2 39,0,100,,2825,6,0,38 2 39,0,100,,4999,6,0,38 2 39,0,30,,3102,6,0,38 2 39,0,70,,5001,6,0,38 2 39,0,30,,1881,6,0,38 2 39,0,70,,4998,6,0,38 2 39,0,30,,4992,6,0,38 2 39,0,70,,2346,6,0,38 2 39,0,30,,1635,6,0,38 2 39,0,70,,2432,6,0,38 2 39,0,100,,4994,6,0,38 2 39,0
1500,'4',521,,5013,6,0,38 2 39,0,30,,5016,6,0,38 2 39,0,70,,5009,6,0,38 2 39,0,30,,597,6,0,38 2 39,0,70,,5017,6,0,38 2 39,0,30,,2580,6,0,38 2 39,0,70,,5006,6,0,38 2 39,0,30,,5015,6,0,38 2 39,0,70,,5010,6,0,38 2 39,0,100,,5008,6,0,38 2 39,0,100,,1462,6,0,38 2 39,0,100,,3556,6,0,38 2 39,0,100,,2807,6,0,38 2 39,0,100,,5012,6,0,38 2 39,0,30,,3081,6,0,38 2 39,0,70,,5014,6,0,38 2 39,0,30,,1858,6,0,38 2 39,0,70,,5011,6,0,38 2 39,0,30,,5005,6,0,38 2 39,0,70,,2329,6,0,38 2 39,0,30,,1602,6,0,38 2 39,0,70,,2405,6,0,38 2 39,0,100,,5007,6,0,38 2 39,0
1501,'1',903,,5018,23,0,38 2 39,0,100,,5022,23,0,38 2 39,0,100,,5024,23,0,38 2 39,0,100,,5025,23,0,38 2 39,0,100,,5021,23,0,38 2 39,0,100,,5020,23,0,38 2 39,0,100,,5026,23,0,38 2 39,0,100,,5019,23,0,38 2 39,0,100,,3521,23,0,38 2 39,0,100,,2779,23,0,38 2 39,0,100,,3637,23,0,38 2 39,0,100,,5023,23,0,38 2 39,0
1501,'2',601,,5032,23,0,38 2 39,0,30,,5038,23,0,38 2 39,0,70,,2556,23,0,38 2 39,0,30,,5029,23,0,38 2 39,0,70,,5034,23,0,38 2 39,0,30,,5030,23,0,38 2 39,0,70,,185,23,0,38 2 39,0,30,,5027,23,0,38 2 39,0,70,,3534,23,0,38 2 39,0,100,,5042,23,0,38 2 39,0,100,,5041,23,0,38 2 39,0,100,,5031,23,0,38 2 39,0,100,,3592,23,0,38 2 39,0,100,,2375,23,0,38 2 39,0,30,,5039,23,0,38 2 39,0,70,,1126,23,0,38 2 39,0,30,,5036,23,0,38 2 39,0,70,,5033,23,0,38 2 39,0,30,,573,23,0,38 2 39,0,70,,5028,23,0,38 2 39,0,30,,5037,23,0,38 2 39,0,70,,5040,23,0,38 2 39,0,100,,5035,23,0,38 2 39,0
1501,'3',601,,5045,23,0,38 2 39,0,30,,2508,23,0,38 2 39,0,70,,5052,23,0,38 2 39,0,30,,5046,23,0,38 2 39,0,70,,3631,23,0,38 2 39,0,30,,2502,23,0,38 2 39,0,70,,5047,23,0,38 2 39,0,30,,5043,23,0,38 2 39,0,70,,3401,23,0,38 2 39,0,100,,641,23,0,38 2 39,0,100,,5050,23,0,38 2 39,0,100,,5054,23,0,38 2 39,0,100,,2505,23,0,38 2 39,0,100,,3687,23,0,38 2 39,0,30,,5048,23,0,38 2 39,0,70,,5051,23,0,38 2 39,0,30,,5053,23,0,38 2 39,0,70,,2695,23,0,38 2 39,0,30,,5055,23,0,38 2 39,0,70,,738,23,0,38 2 39,0,30,,5044,23,0,38 2 39,0,70,,957,23,0,38 2 39,0,100,,5049,23,0,38 2 39,0
1501,'4',601,,5058,23,0,38 2 39,0,30,,2487,23,0,38 2 39,0,70,,5064,23,0,38 2 39,0,30,,2122,23,0,38 2 39,0,70,,3613,23,0,38 2 39,0,30,,2482,23,0,38 2 39,0,70,,5059,23,0,38 2 39,0,30,,5056,23,0,38 2 39,0,70,,3380,23,0,38 2 39,0,100,,609,23,0,38 2 39,0,100,,5062,23,0,38 2 39,0,100,,5066,23,0,38 2 39,0,100,,2484,23,0,38 2 39,0,100,,3670,23,0,38 2 39,0,30,,5060,23,0,38 2 39,0,70,,5063,23,0,38 2 39,0,30,,5065,23,0,38 2 39,0,70,,2671,23,0,38 2 39,0,30,,5067,23,0,38 2 39,0,70,,704,23,0,38 2 39,0,30,,5057,23,0,38 2 39,0,70,,923,23,0,38 2 39,0,100,,5061,23,0,38 2 39,0
11300,'3',1501,,5234,4,,,0
11301,'3',757,,5235,19,,,0
13900,'3',1536,,5260,6,,,0
13901,'3',751,,237,18,,,0
