100,'1',823,,3805,13,0,40 41 42 43,0,30,,2530,13,0,40 41 42 43,0,70,,3813,13,0,40 41 42 43,0,30,,3807,13,0,40 41 42 43,0,70,,3799,13,0,40 41 42 43,0,30,,3802,13,0,40 41 42 43,0,70,,3816,13,0,40 41 42 43,0,30,,3806,13,0,40 41 42 43,0,70,,2906,13,0,40 41 42 43,0,30,,3815,13,0,40 41 42 43,0,70,,3801,13,0,40 41 42 43,0,30,,3804,13,0,40 41 42 43,0,70,,3809,13,0,40 41 42 43,0,30,,3817,13,0,40 41 42 43,0,70,,2448,13,0,40 41 42 43,0,30,,3810,13,0,40 41 42 43,0,70,,3800,13,0,40 41 42 43,0,30,,3803,13,0,40 41 42 43,0,70,,2450,13,0,40 41 42 43,0,30,,3811,13,0,40 41 42 43,0,70,,3808,13,0,40 41 42 43,0,30,,3814,13,0,40 41 42 43,0,70,,3812,13,0,40 41 42 43,0
100,'2',523,,3823,13,0,40 41 42 43,0,30,,2118,13,0,40 41 42 43,0,70,,2636,13,0,40 41 42 43,0,30,,3837,13,0,40 41 42 43,0,70,,191,13,0,40 41 42 43,0,30,,3836,13,0,40 41 42 43,0,70,,3360,13,0,40 41 42 43,0,30,,3819,13,0,40 41 42 43,0,70,,3829,13,0,40 41 42 43,0,30,,3820,13,0,40 41 42 43,0,70,,1830,13,0,40 41 42 43,0,30,,3840,13,0,40 41 42 43,0,70,,909,13,0,40 41 42 43,0,30,,3838,13,0,40 41 42 43,0,70,,3834,13,0,40 41 42 43,0,30,,3818,13,0,40 41 42 43,0,70,,3825,13,0,40 41 42 43,0,30,,3824,13,0,40 41 42 43,0,70,,3822,13,0,40 41 42 43,0,30,,3835,13,0,40 41 42 43,0,70,,3833,13,0,40 41 42 43,0,30,,3839,13,0,40 41 42 43,0,70,,2795,13,0,40 41 42 43,0,30,,3830,13,0,40 41 42 43,0,70,,3828,13,0,40 41 42 43,0,30,,3821,13,0,40 41 42 43,0,70,,3826,13,0,40 41 42 43,0,30,,3646,13,0,40 41 42 43,0,70,,3842,13,0,40 41 42 43,0,30,,1910,13,0,40 41 42 43,0,70,,3827,13,0,40 41 42 43,0,30,,3845,13,0,40 41 42 43,0,70,,3832,13,0,40 41 42 43,0,30,,3831,13,0,40 41 42 43,0,70,,3841,13,0,40 41 42 43,0,30,,3844,13,0,40 41 42 43,0
100,'3',523,,3861,13,0,40 41 42 43,0,30,,2520,13,0,40 41 42 43,0,70,,3856,13,0,40 41 42 43,0,30,,3862,13,0,40 41 42 43,0,70,,3872,13,0,40 41 42 43,0,30,,3866,13,0,40 41 42 43,0,70,,3869,13,0,40 41 42 43,0,30,,3848,13,0,40 41 42 43,0,70,,3854,13,0,40 41 42 43,0,30,,101,13,0,40 41 42 43,0,70,,3846,13,0,40 41 42 43,0,30,,3849,13,0,40 41 42 43,0,70,,2429,13,0,40 41 42 43,0,30,,3867,13,0,40 41 42 43,0,70,,3851,13,0,40 41 42 43,0,30,,3865,13,0,40 41 42 43,0,70,,3852,13,0,40 41 42 43,0,30,,3871,13,0,40 41 42 43,0,70,,3855,13,0,40 41 42 43,0,30,,3860,13,0,40 41 42 43,0,70,,3859,13,0,40 41 42 43,0,30,,1874,13,0,40 41 42 43,0,70,,2963,13,0,40 41 42 43,0,30,,3853,13,0,40 41 42 43,0,70,,3870,13,0,40 41 42 43,0,30,,848,13,0,40 41 42 43,0,70,,3868,13,0,40 41 42 43,0,30,,624,13,0,40 41 42 43,0,70,,3864,13,0,40 41 42 43,0,30,,3857,13,0,40 41 42 43,0,70,,3847,13,0,40 41 42 43,0,30,,3863,13,0,40 41 42 43,0,70,,3850,13,0,40 41 42 43,0,30,,970,13,0,40 41 42 43,0,70,,866,13,0,40 41 42 43,0,30,,3858,13,0,40 41 42 43,0
100,'4',523,,3887,13,0,40 41 42 43,0,30,,2499,13,0,40 41 42 43,0,70,,3882,13,0,40 41 42 43,0,30,,3888,13,0,40 41 42 43,0,70,,3898,13,0,40 41 42 43,0,30,,3892,13,0,40 41 42 43,0,70,,3895,13,0,40 41 42 43,0,30,,3875,13,0,40 41 42 43,0,70,,3881,13,0,40 41 42 43,0,30,,64,13,0,40 41 42 43,0,70,,3873,13,0,40 41 42 43,0,30,,3876,13,0,40 41 42 43,0,70,,2283,13,0,40 41 42 43,0,30,,3893,13,0,40 41 42 43,0,70,,3878,13,0,40 41 42 43,0,30,,3891,13,0,40 41 42 43,0,70,,3879,13,0,40 41 42 43,0,30,,3897,13,0,40 41 42 43,0,70,,3782,13,0,40 41 42 43,0,30,,3886,13,0,40 41 42 43,0,70,,3885,13,0,40 41 42 43,0,30,,1851,13,0,40 41 42 43,0,70,,2272,13,0,40 41 42 43,0,30,,3880,13,0,40 41 42 43,0,70,,3896,13,0,40 41 42 43,0,30,,814,13,0,40 41 42 43,0,70,,3894,13,0,40 41 42 43,0,30,,592,13,0,40 41 42 43,0,70,,3890,13,0,40 41 42 43,0,30,,3883,13,0,40 41 42 43,0,70,,3874,13,0,40 41 42 43,0,30,,3889,13,0,40 41 42 43,0,70,,3877,13,0,40 41 42 43,0,30,,936,13,0,40 41 42 43,0,70,,832,13,0,40 41 42 43,0,30,,3884,13,0,40 41 42 43,0
1500,'1',839,,4973,22,0,38 2 39,0,100,,4971,22,0,38 2 39,0,100,,4977,22,0,38 2 39,0,100,,4974,22,0,38 2 39,0,100,,4975,22,0,38 2 39,0,100,,4970,22,0,38 2 39,0,100,,4976,22,0,38 2 39,0,100,,2613,22,0,38 2 39,0,100,,4978,22,0,38 2 39,0,100,,2703,22,0,38 2 39,0,100,,4972,22,0,38 2 39,0,100,,3239,22,0,38 2 39,0
1500,'2',539,,1763,22,0,38 2 39,0,70,,4981,22,0,38 2 39,0,30,,4990,22,0,38 2 39,0,70,,888,22,0,38 2 39,0,30,,4985,22,0,38 2 39,0,70,,1324,22,0,38 2 39,0,30,,4988,22,0,38 2 39,0,70,,4980,22,0,38 2 39,0,30,,1742,22,0,38 2 39,0,100,,4991,22,0,38 2 39,0,100,,183,22,0,38 2 39,0,100,,3171,22,0,38 2 39,0,100,,3177,22,0,38 2 39,0,100,,2923,22,0,38 2 39,0,70,,4982,22,0,38 2 39,0,30,,3173,22,0,38 2 39,0,70,,3706,22,0,38 2 39,0,30,,4979,22,0,38 2 39,0,70,,4989,22,0,38 2 39,0,30,,4983,22,0,38 2 39,0,70,,4986,22,0,38 2 39,0,30,,4987,22,0,38 2 39,0,100,,4984,22,0,38 2 39,0
1500,'3',539,,5000,22,0,38 2 39,0,70,,5003,22,0,38 2 39,0,30,,4996,22,0,38 2 39,0,70,,629,22,0,38 2 39,0,30,,5004,22,0,38 2 39,0,70,,2597,22,0,38 2 39,0,30,,4993,22,0,38 2 39,0,70,,5002,22,0,38 2 39,0,30,,4997,22,0,38 2 39,0,100,,4995,22,0,38 2 39,0,100,,1495,22,0,38 2 39,0,100,,3571,22,0,38 2 39,0,100,,2825,22,0,38 2 39,0,100,,4999,22,0,38 2 39,0,70,,3102,22,0,38 2 39,0,30,,5001,22,0,38 2 39,0,70,,1881,22,0,38 2 39,0,30,,4998,22,0,38 2 39,0,70,,4992,22,0,38 2 39,0,30,,2346,22,0,38 2 39,0,70,,1635,22,0,38 2 39,0,30,,2432,22,0,38 2 39,0,100,,4994,22,0,38 2 39,0
1500,'4',539,,5013,22,0,38 2 39,0,70,,5016,22,0,38 2 39,0,30,,5009,22,0,38 2 39,0,70,,597,22,0,38 2 39,0,30,,5017,22,0,38 2 39,0,70,,2580,22,0,38 2 39,0,30,,5006,22,0,38 2 39,0,70,,5015,22,0,38 2 39,0,30,,5010,22,0,38 2 39,0,100,,5008,22,0,38 2 39,0,100,,1462,22,0,38 2 39,0,100,,3556,22,0,38 2 39,0,100,,2807,22,0,38 2 39,0,100,,5012,22,0,38 2 39,0,70,,3081,22,0,38 2 39,0,30,,5014,22,0,38 2 39,0,70,,1858,22,0,38 2 39,0,30,,5011,22,0,38 2 39,0,70,,5005,22,0,38 2 39,0,30,,2329,22,0,38 2 39,0,70,,1602,22,0,38 2 39,0,30,,2405,22,0,38 2 39,0,100,,5007,22,0,38 2 39,0
1800,'3',1722,,1361,6,0,44 45,0
1800,'4',1722,,1332,6,0,44 45,0
1801,'3',522,,5203,7,0,44 45,0,30,,5200,7,0,44 45,0,70,,615,7,0,44 45,0,30,,5197,7,0,44 45,0,70,,3741,7,0,44 45,0,30,,5198,7,0,44 45,0,70,,2440,7,0,44 45,0,30,,1812,7,0,44 45,0,70,,5195,7,0,44 45,0,30,,2886,7,0,44 45,0,70,,5201,7,0,44 45,0,30,,5199,7,0,44 45,0,70,,5207,7,0,44 45,0,30,,5208,7,0,44 45,0,70,,3393,7,0,44 45,0,30,,5205,7,0,44 45,0,70,,3383,7,0,44 45,0,30,,5202,7,0,44 45,0,70,,5206,7,0,44 45,0,30,,1958,7,0,44 45,0,70,,3397,7,0,44 45,0,30,,5204,7,0,44 45,0,70,,5196,7,0,44 45,0,30,,1706,7,0,44 45,0
1801,'4',522,,5217,7,0,44 45,0,30,,5214,7,0,44 45,0,70,,583,7,0,44 45,0,30,,5211,7,0,44 45,0,70,,3724,7,0,44 45,0,30,,5212,7,0,44 45,0,70,,2413,7,0,44 45,0,30,,1787,7,0,44 45,0,70,,5209,7,0,44 45,0,30,,2871,7,0,44 45,0,70,,5215,7,0,44 45,0,30,,5213,7,0,44 45,0,70,,5221,7,0,44 45,0,30,,5222,7,0,44 45,0,70,,3373,7,0,44 45,0,30,,5219,7,0,44 45,0,70,,3364,7,0,44 45,0,30,,5216,7,0,44 45,0,70,,5220,7,0,44 45,0,30,,1935,7,0,44 45,0,70,,2259,7,0,44 45,0,30,,5218,7,0,44 45,0,70,,5210,7,0,44 45,0,30,,1681,7,0,44 45,0
13400,'3',1527,,845,7,,,0,6,,5252,7,,,0
14100,'3',1602,,526,6,,,0
14200,'3',1610,,1887,15,0,50 103 104 53 3 38,0
