1001,'1',857,,4524,15,0,32,0,100,,4517,15,0,32,0,100,,4527,15,0,32,0,100,,4526,15,0,32,0,100,,4525,15,0,32,0,100,,4522,15,0,32,0,100,,4520,15,0,32,0,100,,4523,15,0,32,0,100,,4518,15,0,32,0,100,,4519,15,0,32,0,100,,2843,15,0,32,0,100,,4521,15,0,32,0
1001,'2',527,,4528,15,0,32,0,30,,4532,15,0,32,0,70,,2013,15,0,32,0,30,,2567,15,0,32,0,70,,4544,15,0,32,0,30,,4531,15,0,32,0,70,,2782,15,0,32,0,30,,4541,15,0,32,0,70,,4534,15,0,32,0,30,,4542,15,0,32,0,70,,1658,15,0,32,0,30,,4543,15,0,32,0,70,,3642,15,0,32,0,30,,794,15,0,32,0,70,,4535,15,0,32,0,30,,4529,15,0,32,0,70,,1106,15,0,32,0,30,,2914,15,0,32,0,70,,4536,15,0,32,0,30,,4533,15,0,32,0,70,,4539,15,0,32,0,30,,2982,15,0,32,0,70,,4540,15,0,32,0,30,,2921,15,0,32,0,70,,4538,15,0,32,0,30,,4537,15,0,32,0,70,,2555,15,0,32,0,30,,2376,15,0,32,0,70,,4530,15,0,32,0,30,,2631,15,0,32,0
1001,'3',527,,4548,15,0,32,0,30,,2949,15,0,32,0,70,,4554,15,0,32,0,30,,4558,15,0,32,0,70,,4555,15,0,32,0,30,,108,15,0,32,0,70,,4546,15,0,32,0,30,,4549,15,0,32,0,70,,4550,15,0,32,0,30,,861,15,0,32,0,70,,2950,15,0,32,0,30,,3565,15,0,32,0,70,,4552,15,0,32,0,30,,4547,15,0,32,0,70,,2511,15,0,32,0,30,,3512,15,0,32,0,70,,2672,15,0,32,0,30,,4551,15,0,32,0,70,,2755,15,0,32,0,30,,3760,15,0,32,0,70,,2341,15,0,32,0,30,,3305,15,0,32,0,70,,4545,15,0,32,0,30,,2754,15,0,32,0,70,,2509,15,0,32,0,30,,1063,15,0,32,0,70,,3562,15,0,32,0,30,,4557,15,0,32,0,70,,4553,15,0,32,0,30,,4556,15,0,32,0
1001,'4',527,,4562,15,0,32,0,30,,2933,15,0,32,0,70,,4568,15,0,32,0,30,,4572,15,0,32,0,70,,4569,15,0,32,0,30,,71,15,0,32,0,70,,4560,15,0,32,0,30,,4563,15,0,32,0,70,,4564,15,0,32,0,30,,827,15,0,32,0,70,,2934,15,0,32,0,30,,3550,15,0,32,0,70,,4566,15,0,32,0,30,,4561,15,0,32,0,70,,2490,15,0,32,0,30,,3497,15,0,32,0,70,,2649,15,0,32,0,30,,4565,15,0,32,0,70,,2734,15,0,32,0,30,,3757,15,0,32,0,70,,2324,15,0,32,0,30,,3285,15,0,32,0,70,,4559,15,0,32,0,30,,2733,15,0,32,0,70,,2488,15,0,32,0,30,,1032,15,0,32,0,70,,3547,15,0,32,0,30,,4571,15,0,32,0,70,,4567,15,0,32,0,30,,4570,15,0,32,0
11101,'3',751,,5233,17,,,0
12001,'3',838,,3209,14,0,27 28,0
13501,'3',754,,5256,25,,,0
13701,'3',752,,5257,20,0,33,0
14000,'3',1559,,5261,7,0,24,0
15000,'3',1556,,3101,10,,,0
