1001,'1',902,,4524,21,0,32,0,100,,4517,21,0,32,0,100,,4527,21,0,32,0,100,,4526,21,0,32,0,100,,4525,21,0,32,0,100,,4522,21,0,32,0,100,,4520,21,0,32,0,100,,4523,21,0,32,0,100,,4518,21,0,32,0,100,,4519,21,0,32,0,100,,2843,21,0,32,0,100,,4521,21,0,32,0
1001,'2',532,,4528,21,0,32,0,70,,4532,21,0,32,0,30,,2013,21,0,32,0,70,,2567,21,0,32,0,30,,4544,21,0,32,0,70,,4531,21,0,32,0,30,,2782,21,0,32,0,70,,4541,21,0,32,0,30,,4534,21,0,32,0,70,,4542,21,0,32,0,30,,1658,21,0,32,0,70,,4543,21,0,32,0,30,,3642,21,0,32,0,70,,794,21,0,32,0,30,,4535,21,0,32,0,70,,4529,21,0,32,0,30,,1106,21,0,32,0,70,,2914,21,0,32,0,30,,4536,21,0,32,0,70,,4533,21,0,32,0,30,,4539,21,0,32,0,70,,2982,21,0,32,0,30,,4540,21,0,32,0,70,,2921,21,0,32,0,30,,4538,21,0,32,0,70,,4537,21,0,32,0,30,,2555,21,0,32,0,70,,2376,21,0,32,0,30,,4530,21,0,32,0,70,,2631,21,0,32,0
1001,'3',532,,4548,21,0,32,0,70,,2949,21,0,32,0,30,,4554,21,0,32,0,70,,4558,21,0,32,0,30,,4555,21,0,32,0,70,,108,21,0,32,0,30,,4546,21,0,32,0,70,,4549,21,0,32,0,30,,4550,21,0,32,0,70,,861,21,0,32,0,30,,2950,21,0,32,0,70,,3565,21,0,32,0,30,,4552,21,0,32,0,70,,4547,21,0,32,0,30,,2511,21,0,32,0,70,,3512,21,0,32,0,30,,2672,21,0,32,0,70,,4551,21,0,32,0,30,,2755,21,0,32,0,70,,3760,21,0,32,0,30,,2341,21,0,32,0,70,,3305,21,0,32,0,30,,4545,21,0,32,0,70,,2754,21,0,32,0,30,,2509,21,0,32,0,70,,1063,21,0,32,0,30,,3562,21,0,32,0,70,,4557,21,0,32,0,30,,4553,21,0,32,0,70,,4556,21,0,32,0
1001,'4',532,,4562,21,0,32,0,70,,2933,21,0,32,0,30,,4568,21,0,32,0,70,,4572,21,0,32,0,30,,4569,21,0,32,0,70,,71,21,0,32,0,30,,4560,21,0,32,0,70,,4563,21,0,32,0,30,,4564,21,0,32,0,70,,827,21,0,32,0,30,,2934,21,0,32,0,70,,3550,21,0,32,0,30,,4566,21,0,32,0,70,,4561,21,0,32,0,30,,2490,21,0,32,0,70,,3497,21,0,32,0,30,,2649,21,0,32,0,70,,4565,21,0,32,0,30,,2734,21,0,32,0,70,,3757,21,0,32,0,30,,2324,21,0,32,0,70,,3285,21,0,32,0,30,,4559,21,0,32,0,70,,2733,21,0,32,0,30,,2488,21,0,32,0,70,,1032,21,0,32,0,30,,3547,21,0,32,0,70,,4571,21,0,32,0,30,,4567,21,0,32,0,70,,4570,21,0,32,0
13000,'3',1521,,5242,3,,,0,2,,5244,3,,,0,2,,5243,3,,,0
13100,'3',1525,,2948,3,,,0
13200,'3',1525,,5248,3,0,33,0
13300,'3',1525,,5249,3,,,0
13400,'3',1520,,845,3,,,0,5,,5252,3,,,0
13800,'3',1525,,5258,3,,,0
13900,'3',1526,,5260,3,,,0
