100,'2',2306,,3843,7,0,40 41 42 43,0
100,'3',2306,,3446,7,0,40 41 42 43,0
100,'4',2306,,3429,7,0,40 41 42 43,0
300,'1',908,,4171,24,0,65 2 64,0,100,,4167,24,0,65 2 64,0,100,,4169,24,0,65 2 64,0,100,,4172,24,0,65 2 64,0,100,,1900,24,0,65 2 64,0,100,,4174,24,0,65 2 64,0,100,,4173,24,0,65 2 64,0,100,,1729,24,0,65 2 64,0,100,,4175,24,0,65 2 64,0,100,,2351,24,0,65 2 64,0,100,,4168,24,0,65 2 64,0,100,,4170,24,0,65 2 64,0
300,'2',608,,2630,24,0,65 2 64,0,30,,3717,24,0,65 2 64,0,70,,4182,24,0,65 2 64,0,30,,4188,24,0,65 2 64,0,70,,4187,24,0,65 2 64,0,30,,4184,24,0,65 2 64,0,70,,4185,24,0,65 2 64,0,30,,574,24,0,65 2 64,0,70,,3586,24,0,65 2 64,0,30,,2645,24,0,65 2 64,0,70,,4176,24,0,65 2 64,0,30,,4181,24,0,65 2 64,0,70,,4180,24,0,65 2 64,0,30,,4177,24,0,65 2 64,0,70,,4186,24,0,65 2 64,0,30,,3356,24,0,65 2 64,0,70,,4191,24,0,65 2 64,0,30,,4178,24,0,65 2 64,0,70,,39,24,0,65 2 64,0,30,,4194,24,0,65 2 64,0,70,,4189,24,0,65 2 64,0,30,,3343,24,0,65 2 64,0,70,,4195,24,0,65 2 64,0,30,,3050,24,0,65 2 64,0,70,,4193,24,0,65 2 64,0,30,,2464,24,0,65 2 64,0,70,,4190,24,0,65 2 64,0,30,,2629,24,0,65 2 64,0,70,,4183,24,0,65 2 64,0,100,,4192,24,0,65 2 64,0,100,,4179,24,0,65 2 64,0,100,,3170,24,0,65 2 64,0
300,'3',608,,4197,24,0,65 2 64,0,30,,4203,24,0,65 2 64,0,70,,2757,24,0,65 2 64,0,30,,4206,24,0,65 2 64,0,70,,2896,24,0,65 2 64,0,30,,4204,24,0,65 2 64,0,70,,4202,24,0,65 2 64,0,30,,4211,24,0,65 2 64,0,70,,4208,24,0,65 2 64,0,30,,4207,24,0,65 2 64,0,70,,4215,24,0,65 2 64,0,30,,4200,24,0,65 2 64,0,70,,4199,24,0,65 2 64,0,30,,4205,24,0,65 2 64,0,70,,2829,24,0,65 2 64,0,30,,3384,24,0,65 2 64,0,70,,4198,24,0,65 2 64,0,30,,2224,24,0,65 2 64,0,70,,4213,24,0,65 2 64,0,30,,4210,24,0,65 2 64,0,70,,4196,24,0,65 2 64,0,30,,3314,24,0,65 2 64,0,70,,4201,24,0,65 2 64,0,30,,1715,24,0,65 2 64,0,70,,3302,24,0,65 2 64,0,30,,2598,24,0,65 2 64,0,70,,4209,24,0,65 2 64,0,30,,4212,24,0,65 2 64,0,70,,4216,24,0,65 2 64,0,100,,4214,24,0,65 2 64,0,100,,4217,24,0,65 2 64,0,100,,4218,24,0,65 2 64,0
300,'4',608,,4220,24,0,65 2 64,0,30,,4226,24,0,65 2 64,0,70,,2736,24,0,65 2 64,0,30,,4229,24,0,65 2 64,0,70,,2879,24,0,65 2 64,0,30,,4227,24,0,65 2 64,0,70,,4225,24,0,65 2 64,0,30,,4233,24,0,65 2 64,0,70,,4231,24,0,65 2 64,0,30,,4230,24,0,65 2 64,0,70,,4237,24,0,65 2 64,0,30,,4223,24,0,65 2 64,0,70,,4222,24,0,65 2 64,0,30,,4228,24,0,65 2 64,0,70,,2809,24,0,65 2 64,0,30,,2307,24,0,65 2 64,0,70,,4221,24,0,65 2 64,0,30,,2199,24,0,65 2 64,0,70,,4235,24,0,65 2 64,0,30,,3788,24,0,65 2 64,0,70,,4219,24,0,65 2 64,0,30,,3294,24,0,65 2 64,0,70,,4224,24,0,65 2 64,0,30,,1690,24,0,65 2 64,0,70,,3282,24,0,65 2 64,0,30,,2581,24,0,65 2 64,0,70,,4232,24,0,65 2 64,0,30,,4234,24,0,65 2 64,0,70,,4238,24,0,65 2 64,0,100,,4236,24,0,65 2 64,0,100,,4239,24,0,65 2 64,0,100,,4240,24,0,65 2 64,0
13000,'3',1530,,5242,5,4,,0,2,,5244,5,4,,0,2,,5243,5,4,,0
14000,'3',1610,,5261,12,4,,0
15000,'3',1610,,3101,15,4,,0
