100,'1',521,,1027,0,41 42 43 44,0,30,,334,0,41 42 43 44,0,70,,497,0,41 42 43 44,0,30,,588,0,41 42 43 44,0,70,,2327,0,41 42 43 44,0,30,,1233,0,41 42 43 44,0,70,,1342,0,41 42 43 44,0,30,,2314,0,41 42 43 44,0,70,,2146,0,41 42 43 44,0,30,,2320,0,41 42 43 44,0,70,,2326,0,41 42 43 44,0,30,,2329,0,41 42 43 44,0,70,,2318,0,41 42 43 44,0,30,,1028,0,41 42 43 44,0,70,,2319,0,41 42 43 44,0,30,,1330,0,41 42 43 44,0,70,,1476,0,41 42 43 44,0,30,,2325,0,41 42 43 44,0,70,,2321,0,41 42 43 44,0,30,,923,0,41 42 43 44,0,70,,2330,0,41 42 43 44,0,30,,1864,0,41 42 43 44,0,70,,1343,0,41 42 43 44,0,30,,1592,0,41 42 43 44,0,70,,2289,0,41 42 43 44,0,30,,1155,0,41 42 43 44,0,70,,2316,0,41 42 43 44,0,30,,2315,0,41 42 43 44,0,70,,2317,0,41 42 43 44,0,30,,2328,0,41 42 43 44,0,70,,2323,0,41 42 43 44,0,30,,1334,0,41 42 43 44,0,70,,95,0,41 42 43 44,0,30,,1247,0,41 42 43 44,0,70,,2324,0,41 42 43 44,0,30,,2322,0,41 42 43 44,0
100,'2',521,,1058,0,41 42 43 44,0,30,,371,0,41 42 43 44,0,70,,533,0,41 42 43 44,0,30,,620,0,41 42 43 44,0,70,,2344,0,41 42 43 44,0,30,,1262,0,41 42 43 44,0,70,,1371,0,41 42 43 44,0,30,,2331,0,41 42 43 44,0,70,,2176,0,41 42 43 44,0,30,,2337,0,41 42 43 44,0,70,,2343,0,41 42 43 44,0,30,,2346,0,41 42 43 44,0,70,,2335,0,41 42 43 44,0,30,,1059,0,41 42 43 44,0,70,,2336,0,41 42 43 44,0,30,,1359,0,41 42 43 44,0,70,,1509,0,41 42 43 44,0,30,,2342,0,41 42 43 44,0,70,,2338,0,41 42 43 44,0,30,,957,0,41 42 43 44,0,70,,2347,0,41 42 43 44,0,30,,1887,0,41 42 43 44,0,70,,1372,0,41 42 43 44,0,30,,1625,0,41 42 43 44,0,70,,2348,0,41 42 43 44,0,30,,1185,0,41 42 43 44,0,70,,2333,0,41 42 43 44,0,30,,2332,0,41 42 43 44,0,70,,2334,0,41 42 43 44,0,30,,2345,0,41 42 43 44,0,70,,2340,0,41 42 43 44,0,30,,1363,0,41 42 43 44,0,70,,132,0,41 42 43 44,0,30,,1276,0,41 42 43 44,0,70,,2341,0,41 42 43 44,0,30,,2339,0,41 42 43 44,0
100,'3',821,,2354,0,41 42 43 44,0,30,,2359,0,41 42 43 44,0,70,,2351,0,41 42 43 44,0,30,,1737,0,41 42 43 44,0,70,,2350,0,41 42 43 44,0,30,,2353,0,41 42 43 44,0,70,,2362,0,41 42 43 44,0,30,,2363,0,41 42 43 44,0,70,,2365,0,41 42 43 44,0,30,,1903,0,41 42 43 44,0,70,,2355,0,41 42 43 44,0,30,,2364,0,41 42 43 44,0,70,,2356,0,41 42 43 44,0,30,,1192,0,41 42 43 44,0,70,,2360,0,41 42 43 44,0,30,,871,0,41 42 43 44,0,70,,2358,0,41 42 43 44,0,30,,2361,0,41 42 43 44,0,70,,1729,0,41 42 43 44,0,30,,2357,0,41 42 43 44,0,70,,1527,0,41 42 43 44,0,30,,2349,0,41 42 43 44,0,70,,2352,0,41 42 43 44,0
100,'4',521,,566,0,41 42 43 44,0,30,,2375,0,41 42 43 44,0,70,,1112,0,41 42 43 44,0,30,,2377,0,41 42 43 44,0,70,,2387,0,41 42 43 44,0,30,,2373,0,41 42 43 44,0,70,,459,0,41 42 43 44,0,30,,1907,0,41 42 43 44,0,70,,2368,0,41 42 43 44,0,30,,2383,0,41 42 43 44,0,70,,2381,0,41 42 43 44,0,30,,2380,0,41 42 43 44,0,70,,1115,0,41 42 43 44,0,30,,2111,0,41 42 43 44,0,70,,1221,0,41 42 43 44,0,30,,2099,0,41 42 43 44,0,70,,37,0,41 42 43 44,0,30,,2370,0,41 42 43 44,0,70,,2369,0,41 42 43 44,0,30,,183,0,41 42 43 44,0,70,,2376,0,41 42 43 44,0,30,,2379,0,41 42 43 44,0,70,,2384,0,41 42 43 44,0,30,,2374,0,41 42 43 44,0,70,,2367,0,41 42 43 44,0,30,,2372,0,41 42 43 44,0,70,,2378,0,41 42 43 44,0,30,,1999,0,41 42 43 44,0,70,,797,0,41 42 43 44,0,30,,1826,0,41 42 43 44,0,70,,2366,0,41 42 43 44,0,30,,2386,0,41 42 43 44,0,70,,2371,0,41 42 43 44,0,30,,48,0,41 42 43 44,0,70,,2385,0,41 42 43 44,0,30,,435,0,41 42 43 44,0
1800,'1',1721,,3720,0,45 46,0
1800,'2',1721,,3721,0,45 46,0
1801,'1',521,,3730,0,45 46,0,30,,3728,0,45 46,0,70,,3727,0,45 46,0,30,,2261,0,45 46,0,70,,340,0,45 46,0,30,,3736,0,45 46,0,70,,2287,0,45 46,0,30,,3722,0,45 46,0,70,,3734,0,45 46,0,30,,3729,0,45 46,0,70,,3726,0,45 46,0,30,,2192,0,45 46,0,70,,3738,0,45 46,0,30,,609,0,45 46,0,70,,3725,0,45 46,0,30,,3737,0,45 46,0,70,,1945,0,45 46,0,30,,3731,0,45 46,0,70,,2032,0,45 46,0,30,,694,0,45 46,0,70,,3733,0,45 46,0,30,,599,0,45 46,0,70,,3735,0,45 46,0,30,,3724,0,45 46,0
1801,'2',521,,3748,0,45 46,0,30,,3746,0,45 46,0,70,,3744,0,45 46,0,30,,3756,0,45 46,0,70,,377,0,45 46,0,30,,3753,0,45 46,0,70,,3745,0,45 46,0,30,,3739,0,45 46,0,70,,3751,0,45 46,0,30,,3747,0,45 46,0,70,,3743,0,45 46,0,30,,2217,0,45 46,0,70,,3755,0,45 46,0,30,,641,0,45 46,0,70,,3742,0,45 46,0,30,,3754,0,45 46,0,70,,1968,0,45 46,0,30,,3749,0,45 46,0,70,,2062,0,45 46,0,30,,728,0,45 46,0,70,,3750,0,45 46,0,30,,631,0,45 46,0,70,,3752,0,45 46,0,30,,3741,0,45 46,0
11200,'1',1509,,713,0,45 81 82 49 50 3 26 37,0
13100,'1',1532,,97,,,0
13400,'1',1525,,1338,,,0,6,,479,,,0
14100,'1',1600,,3785,,,0
