200,'1',819,,3996,1,0,18,0,30,,2971,1,0,18,0,70,,3990,1,0,18,0,30,,2701,1,0,18,0,70,,3994,1,0,18,0,30,,1532,1,0,18,0,70,,4001,1,0,18,0,30,,3997,1,0,18,0,70,,3993,1,0,18,0,30,,3988,1,0,18,0,70,,4004,1,0,18,0,30,,3995,1,0,18,0,70,,3040,1,0,18,0,30,,3527,1,0,18,0,70,,3991,1,0,18,0,30,,4003,1,0,18,0,70,,3989,1,0,18,0,30,,3337,1,0,18,0,70,,3998,1,0,18,0,30,,4000,1,0,18,0,70,,3999,1,0,18,0,30,,2702,1,0,18,0,70,,4002,1,0,18,0,30,,3992,1,0,18,0
200,'2',519,,4027,1,0,18,0,30,,2916,1,0,18,0,70,,2569,1,0,18,0,30,,186,1,0,18,0,70,,1222,1,0,18,0,30,,4021,1,0,18,0,70,,3048,1,0,18,0,30,,4007,1,0,18,0,70,,4020,1,0,18,0,30,,2865,1,0,18,0,70,,4006,1,0,18,0,30,,3349,1,0,18,0,70,,4024,1,0,18,0,30,,4022,1,0,18,0,70,,4026,1,0,18,0,30,,4019,1,0,18,0,70,,4016,1,0,18,0,30,,2480,1,0,18,0,70,,4023,1,0,18,0,30,,2099,1,0,18,0,70,,568,1,0,18,0,30,,4017,1,0,18,0,70,,1570,1,0,18,0,30,,4005,1,0,18,0,70,,4018,1,0,18,0,30,,4014,1,0,18,0,70,,4009,1,0,18,0,30,,4013,1,0,18,0,70,,4015,1,0,18,0,30,,1430,1,0,18,0,70,,4008,1,0,18,0,30,,4010,1,0,18,0,70,,2920,1,0,18,0,30,,4025,1,0,18,0,70,,2635,1,0,18,0,30,,4011,1,0,18,0,70,,4012,1,0,18,0
200,'3',519,,4028,1,0,18,0,30,,2416,1,0,18,0,70,,4036,1,0,18,0,30,,4039,1,0,18,0,70,,1956,1,0,18,0,30,,1278,1,0,18,0,70,,2818,1,0,18,0,30,,251,1,0,18,0,70,,4040,1,0,18,0,30,,3149,1,0,18,0,70,,4032,1,0,18,0,30,,4044,1,0,18,0,70,,4030,1,0,18,0,30,,4046,1,0,18,0,70,,3216,1,0,18,0,30,,3746,1,0,18,0,70,,4031,1,0,18,0,30,,974,1,0,18,0,70,,4045,1,0,18,0,30,,4029,1,0,18,0,70,,1160,1,0,18,0,30,,4049,1,0,18,0,70,,4041,1,0,18,0,30,,4043,1,0,18,0,70,,4051,1,0,18,0,30,,4048,1,0,18,0,70,,4050,1,0,18,0,30,,4034,1,0,18,0,70,,4033,1,0,18,0,30,,3515,1,0,18,0,70,,4047,1,0,18,0,30,,4037,1,0,18,0,70,,4038,1,0,18,0,30,,4035,1,0,18,0,70,,4042,1,0,18,0,30,,2332,1,0,18,0,70,,3626,1,0,18,0
200,'4',519,,4052,1,0,18,0,30,,2390,1,0,18,0,70,,4060,1,0,18,0,30,,4063,1,0,18,0,70,,1933,1,0,18,0,30,,1249,1,0,18,0,70,,2801,1,0,18,0,30,,213,1,0,18,0,70,,3786,1,0,18,0,30,,3134,1,0,18,0,70,,4056,1,0,18,0,30,,4067,1,0,18,0,70,,4054,1,0,18,0,30,,4069,1,0,18,0,70,,3195,1,0,18,0,30,,3728,1,0,18,0,70,,4055,1,0,18,0,30,,940,1,0,18,0,70,,4068,1,0,18,0,30,,4053,1,0,18,0,70,,1130,1,0,18,0,30,,4072,1,0,18,0,70,,4064,1,0,18,0,30,,4066,1,0,18,0,70,,4074,1,0,18,0,30,,4071,1,0,18,0,70,,4073,1,0,18,0,30,,4058,1,0,18,0,70,,4057,1,0,18,0,30,,3500,1,0,18,0,70,,4070,1,0,18,0,30,,4061,1,0,18,0,70,,4062,1,0,18,0,30,,4059,1,0,18,0,70,,4065,1,0,18,0,30,,2315,1,0,18,0,70,,3608,1,0,18,0
201,'1',842,,2536,44,4,,0,70,,4076,44,4,,0,30,,4077,44,4,,0,70,,4083,44,4,,0,30,,4082,44,4,,0,70,,4078,44,4,,0,30,,2773,44,4,,0,70,,4079,44,4,,0,30,,4088,44,4,,0,70,,4086,44,4,,0,30,,4090,44,4,,0,70,,2442,44,4,,0,30,,4089,44,4,,0,70,,4081,44,4,,0,30,,4087,44,4,,0,70,,4084,44,4,,0,30,,4085,44,4,,0,70,,3574,44,4,,0,30,,2620,44,4,,0,70,,4091,44,4,,0,30,,4075,44,4,,0,70,,4080,44,4,,0,30,,4092,44,4,,0,70,,4093,44,4,,0
201,'2',542,,4110,44,4,,0,70,,4112,44,4,,0,30,,3711,44,4,,0,70,,3532,44,4,,0,30,,1013,44,4,,0,70,,2466,44,4,,0,30,,1827,44,4,,0,70,,4099,44,4,,0,30,,4107,44,4,,0,70,,4116,44,4,,0,30,,4106,44,4,,0,70,,4115,44,4,,0,30,,4109,44,4,,0,70,,4113,44,4,,0,30,,2793,44,4,,0,70,,4102,44,4,,0,30,,1744,44,4,,0,70,,1670,44,4,,0,30,,4108,44,4,,0,70,,4104,44,4,,0,30,,4114,44,4,,0,70,,3704,44,4,,0,30,,4101,44,4,,0,70,,1124,44,4,,0,30,,4100,44,4,,0,70,,4095,44,4,,0,30,,4097,44,4,,0,70,,4094,44,4,,0,30,,4098,44,4,,0,70,,4105,44,4,,0,30,,4118,44,4,,0,70,,4117,44,4,,0,30,,4103,44,4,,0,70,,4096,44,4,,0,30,,4111,44,4,,0,70,,3127,44,4,,0
201,'3',542,,4142,44,4,,0,70,,3023,44,4,,0,30,,4123,44,4,,0,70,,4130,44,4,,0,30,,2898,44,4,,0,70,,4124,44,4,,0,30,,4138,44,4,,0,70,,1626,44,4,,0,30,,252,44,4,,0,70,,4134,44,4,,0,30,,3507,44,4,,0,70,,4132,44,4,,0,30,,4137,44,4,,0,70,,4136,44,4,,0,30,,4143,44,4,,0,70,,4135,44,4,,0,30,,4120,44,4,,0,70,,3564,44,4,,0,30,,2504,44,4,,0,70,,4141,44,4,,0,30,,4139,44,4,,0,70,,4131,44,4,,0,30,,4140,44,4,,0,70,,4119,44,4,,0,30,,3619,44,4,,0,70,,4133,44,4,,0,30,,3753,44,4,,0,70,,4128,44,4,,0,30,,4129,44,4,,0,70,,4127,44,4,,0,30,,4125,44,4,,0,70,,4122,44,4,,0,30,,4126,44,4,,0,70,,4121,44,4,,0,30,,3016,44,4,,0,70,,2513,44,4,,0
201,'4',542,,4165,44,4,,0,70,,3004,44,4,,0,30,,4148,44,4,,0,70,,4154,44,4,,0,30,,2881,44,4,,0,70,,3766,44,4,,0,30,,4161,44,4,,0,70,,1593,44,4,,0,30,,214,44,4,,0,70,,4158,44,4,,0,30,,3493,44,4,,0,70,,4156,44,4,,0,30,,3777,44,4,,0,70,,4160,44,4,,0,30,,4166,44,4,,0,70,,4159,44,4,,0,30,,4145,44,4,,0,70,,3549,44,4,,0,30,,2483,44,4,,0,70,,4164,44,4,,0,30,,4162,44,4,,0,70,,4155,44,4,,0,30,,4163,44,4,,0,70,,4144,44,4,,0,30,,3601,44,4,,0,70,,4157,44,4,,0,30,,3736,44,4,,0,70,,4152,44,4,,0,30,,4153,44,4,,0,70,,4151,44,4,,0,30,,4149,44,4,,0,70,,4147,44,4,,0,30,,4150,44,4,,0,70,,4146,44,4,,0,30,,2997,44,4,,0,70,,2492,44,4,,0
300,'1',845,,4171,1,0,65 2 64,0,100,,4167,1,0,65 2 64,0,100,,4169,1,0,65 2 64,0,100,,4172,1,0,65 2 64,0,100,,1900,1,0,65 2 64,0,100,,4174,1,0,65 2 64,0,100,,4173,1,0,65 2 64,0,100,,1729,1,0,65 2 64,0,100,,4175,1,0,65 2 64,0,100,,2351,1,0,65 2 64,0,100,,4168,1,0,65 2 64,0,100,,4170,1,0,65 2 64,0
300,'2',545,,2630,1,0,65 2 64,0,70,,3717,1,0,65 2 64,0,30,,4182,1,0,65 2 64,0,70,,4188,1,0,65 2 64,0,30,,4187,1,0,65 2 64,0,70,,4184,1,0,65 2 64,0,30,,4185,1,0,65 2 64,0,70,,574,1,0,65 2 64,0,30,,3586,1,0,65 2 64,0,70,,2645,1,0,65 2 64,0,30,,4176,1,0,65 2 64,0,70,,4181,1,0,65 2 64,0,30,,4180,1,0,65 2 64,0,70,,4177,1,0,65 2 64,0,30,,4186,1,0,65 2 64,0,70,,3356,1,0,65 2 64,0,30,,4191,1,0,65 2 64,0,70,,4178,1,0,65 2 64,0,30,,39,1,0,65 2 64,0,70,,4194,1,0,65 2 64,0,30,,4189,1,0,65 2 64,0,70,,3343,1,0,65 2 64,0,30,,4195,1,0,65 2 64,0,70,,3050,1,0,65 2 64,0,30,,4193,1,0,65 2 64,0,70,,2464,1,0,65 2 64,0,30,,4190,1,0,65 2 64,0,70,,2629,1,0,65 2 64,0,30,,4183,1,0,65 2 64,0,100,,4192,1,0,65 2 64,0,100,,4179,1,0,65 2 64,0,100,,3170,1,0,65 2 64,0
300,'3',545,,4197,1,0,65 2 64,0,70,,4203,1,0,65 2 64,0,30,,2757,1,0,65 2 64,0,70,,4206,1,0,65 2 64,0,30,,2896,1,0,65 2 64,0,70,,4204,1,0,65 2 64,0,30,,4202,1,0,65 2 64,0,70,,4211,1,0,65 2 64,0,30,,4208,1,0,65 2 64,0,70,,4207,1,0,65 2 64,0,30,,4215,1,0,65 2 64,0,70,,4200,1,0,65 2 64,0,30,,4199,1,0,65 2 64,0,70,,4205,1,0,65 2 64,0,30,,2829,1,0,65 2 64,0,70,,3384,1,0,65 2 64,0,30,,4198,1,0,65 2 64,0,70,,2224,1,0,65 2 64,0,30,,4213,1,0,65 2 64,0,70,,4210,1,0,65 2 64,0,30,,4196,1,0,65 2 64,0,70,,3314,1,0,65 2 64,0,30,,4201,1,0,65 2 64,0,70,,1715,1,0,65 2 64,0,30,,3302,1,0,65 2 64,0,70,,2598,1,0,65 2 64,0,30,,4209,1,0,65 2 64,0,70,,4212,1,0,65 2 64,0,30,,4216,1,0,65 2 64,0,100,,4214,1,0,65 2 64,0,100,,4217,1,0,65 2 64,0,100,,4218,1,0,65 2 64,0
300,'4',545,,4220,1,0,65 2 64,0,70,,4226,1,0,65 2 64,0,30,,2736,1,0,65 2 64,0,70,,4229,1,0,65 2 64,0,30,,2879,1,0,65 2 64,0,70,,4227,1,0,65 2 64,0,30,,4225,1,0,65 2 64,0,70,,4233,1,0,65 2 64,0,30,,4231,1,0,65 2 64,0,70,,4230,1,0,65 2 64,0,30,,4237,1,0,65 2 64,0,70,,4223,1,0,65 2 64,0,30,,4222,1,0,65 2 64,0,70,,4228,1,0,65 2 64,0,30,,2809,1,0,65 2 64,0,70,,2307,1,0,65 2 64,0,30,,4221,1,0,65 2 64,0,70,,2199,1,0,65 2 64,0,30,,4235,1,0,65 2 64,0,70,,3788,1,0,65 2 64,0,30,,4219,1,0,65 2 64,0,70,,3294,1,0,65 2 64,0,30,,4224,1,0,65 2 64,0,70,,1690,1,0,65 2 64,0,30,,3282,1,0,65 2 64,0,70,,2581,1,0,65 2 64,0,30,,4232,1,0,65 2 64,0,70,,4234,1,0,65 2 64,0,30,,4238,1,0,65 2 64,0,100,,4236,1,0,65 2 64,0,100,,4239,1,0,65 2 64,0,100,,4240,1,0,65 2 64,0
301,'1',839,,4250,24,4,,0,100,,4247,24,4,,0,100,,4245,24,4,,0,100,,4242,24,4,,0,100,,4243,24,4,,0,100,,4244,24,4,,0,100,,4246,24,4,,0,100,,4249,24,4,,0,100,,4248,24,4,,0,100,,4251,24,4,,0,100,,4241,24,4,,0,100,,2700,24,4,,0
301,'2',539,,4256,24,4,,0,70,,4269,24,4,,0,30,,459,24,4,,0,70,,4270,24,4,,0,30,,680,24,4,,0,70,,4271,24,4,,0,30,,4255,24,4,,0,70,,4265,24,4,,0,30,,4268,24,4,,0,70,,4267,24,4,,0,30,,4264,24,4,,0,70,,2797,24,4,,0,30,,4253,24,4,,0,70,,3712,24,4,,0,30,,4258,24,4,,0,70,,4263,24,4,,0,30,,4259,24,4,,0,70,,1999,24,4,,0,30,,3658,24,4,,0,70,,4266,24,4,,0,30,,4254,24,4,,0,70,,4260,24,4,,0,30,,4261,24,4,,0,70,,3344,24,4,,0,30,,432,24,4,,0,70,,4272,24,4,,0,30,,4262,24,4,,0,70,,4257,24,4,,0,30,,1826,24,4,,0,70,,4252,24,4,,0,30,,2918,24,4,,0,100,,1109,24,4,,0,100,,2643,24,4,,0,100,,2862,24,4,,0
301,'3',539,,1285,24,4,,0,70,,4288,24,4,,0,30,,4275,24,4,,0,70,,3092,24,4,,0,30,,2890,24,4,,0,70,,3567,24,4,,0,30,,4282,24,4,,0,70,,4280,24,4,,0,30,,4287,24,4,,0,70,,1638,24,4,,0,30,,4284,24,4,,0,70,,4279,24,4,,0,30,,4281,24,4,,0,70,,4276,24,4,,0,30,,620,24,4,,0,70,,4285,24,4,,0,30,,2752,24,4,,0,70,,4277,24,4,,0,30,,4286,24,4,,0,70,,2154,24,4,,0,30,,1069,24,4,,0,70,,4290,24,4,,0,30,,2887,24,4,,0,70,,3152,24,4,,0,30,,2518,24,4,,0,70,,2592,24,4,,0,30,,2515,24,4,,0,70,,2749,24,4,,0,30,,4283,24,4,,0,70,,4278,24,4,,0,30,,4289,24,4,,0,100,,2833,24,4,,0,100,,4274,24,4,,0,100,,4273,24,4,,0
301,'4',539,,1256,24,4,,0,70,,4303,24,4,,0,30,,4293,24,4,,0,70,,3072,24,4,,0,30,,2874,24,4,,0,70,,3552,24,4,,0,30,,4298,24,4,,0,70,,4296,24,4,,0,30,,4302,24,4,,0,70,,1605,24,4,,0,30,,3780,24,4,,0,70,,3774,24,4,,0,30,,4297,24,4,,0,70,,4294,24,4,,0,30,,588,24,4,,0,70,,4300,24,4,,0,30,,2731,24,4,,0,70,,1770,24,4,,0,30,,4301,24,4,,0,70,,2124,24,4,,0,30,,1038,24,4,,0,70,,4305,24,4,,0,30,,2276,24,4,,0,70,,3137,24,4,,0,30,,2497,24,4,,0,70,,2575,24,4,,0,30,,2494,24,4,,0,70,,2728,24,4,,0,30,,4299,24,4,,0,70,,4295,24,4,,0,30,,4304,24,4,,0,100,,2813,24,4,,0,100,,4292,24,4,,0,100,,4291,24,4,,0
1100,'1',757,,4577,1,0,5 2 6 7,0,100,,4578,1,0,5 2 6 7,0,100,,4582,1,0,5 2 6 7,0,100,,2614,1,0,5 2 6 7,0,100,,4583,1,0,5 2 6 7,0,100,,4580,1,0,5 2 6 7,0,100,,4579,1,0,5 2 6 7,0,100,,4581,1,0,5 2 6 7,0,100,,4574,1,0,5 2 6 7,0,100,,4576,1,0,5 2 6 7,0,100,,4573,1,0,5 2 6 7,0,100,,4575,1,0,5 2 6 7,0
1100,'2',527,,4597,1,0,5 2 6 7,0,30,,1421,1,0,5 2 6 7,0,70,,3485,1,0,5 2 6 7,0,30,,170,1,0,5 2 6 7,0,70,,4594,1,0,5 2 6 7,0,30,,299,1,0,5 2 6 7,0,70,,3641,1,0,5 2 6 7,0,30,,3652,1,0,5 2 6 7,0,70,,4591,1,0,5 2 6 7,0,30,,4588,1,0,5 2 6 7,0,70,,2975,1,0,5 2 6 7,0,30,,4585,1,0,5 2 6 7,0,70,,4590,1,0,5 2 6 7,0,30,,4599,1,0,5 2 6 7,0,70,,4604,1,0,5 2 6 7,0,30,,436,1,0,5 2 6 7,0,70,,4593,1,0,5 2 6 7,0,30,,4584,1,0,5 2 6 7,0,70,,4589,1,0,5 2 6 7,0,30,,4592,1,0,5 2 6 7,0,70,,4603,1,0,5 2 6 7,0,30,,4602,1,0,5 2 6 7,0,70,,4596,1,0,5 2 6 7,0,30,,4586,1,0,5 2 6 7,0,70,,4598,1,0,5 2 6 7,0,30,,4587,1,0,5 2 6 7,0,70,,4601,1,0,5 2 6 7,0,30,,4600,1,0,5 2 6 7,0,70,,4595,1,0,5 2 6 7,0
1100,'3',527,,4619,1,0,5 2 6 7,0,30,,3022,1,0,5 2 6 7,0,70,,2053,1,0,5 2 6 7,0,30,,4606,1,0,5 2 6 7,0,70,,4614,1,0,5 2 6 7,0,30,,4621,1,0,5 2 6 7,0,70,,4620,1,0,5 2 6 7,0,30,,536,1,0,5 2 6 7,0,70,,2595,1,0,5 2 6 7,0,30,,4612,1,0,5 2 6 7,0,70,,4607,1,0,5 2 6 7,0,30,,4617,1,0,5 2 6 7,0,70,,4615,1,0,5 2 6 7,0,30,,1512,1,0,5 2 6 7,0,70,,4616,1,0,5 2 6 7,0,30,,723,1,0,5 2 6 7,0,70,,3083,1,0,5 2 6 7,0,30,,2521,1,0,5 2 6 7,0,70,,4608,1,0,5 2 6 7,0,30,,4610,1,0,5 2 6 7,0,70,,4605,1,0,5 2 6 7,0,30,,2519,1,0,5 2 6 7,0,70,,4611,1,0,5 2 6 7,0,30,,4613,1,0,5 2 6 7,0,70,,2946,1,0,5 2 6 7,0,30,,4618,1,0,5 2 6 7,0,70,,3027,1,0,5 2 6 7,0,30,,3157,1,0,5 2 6 7,0,70,,4609,1,0,5 2 6 7,0
1100,'4',527,,4636,1,0,5 2 6 7,0,30,,3003,1,0,5 2 6 7,0,70,,2023,1,0,5 2 6 7,0,30,,4623,1,0,5 2 6 7,0,70,,4631,1,0,5 2 6 7,0,30,,4638,1,0,5 2 6 7,0,70,,4637,1,0,5 2 6 7,0,30,,500,1,0,5 2 6 7,0,70,,2578,1,0,5 2 6 7,0,30,,4629,1,0,5 2 6 7,0,70,,4624,1,0,5 2 6 7,0,30,,4634,1,0,5 2 6 7,0,70,,4632,1,0,5 2 6 7,0,30,,1479,1,0,5 2 6 7,0,70,,4633,1,0,5 2 6 7,0,30,,689,1,0,5 2 6 7,0,70,,3065,1,0,5 2 6 7,0,30,,2500,1,0,5 2 6 7,0,70,,4625,1,0,5 2 6 7,0,30,,4627,1,0,5 2 6 7,0,70,,4622,1,0,5 2 6 7,0,30,,2498,1,0,5 2 6 7,0,70,,4628,1,0,5 2 6 7,0,30,,4630,1,0,5 2 6 7,0,70,,2930,1,0,5 2 6 7,0,30,,4635,1,0,5 2 6 7,0,70,,3007,1,0,5 2 6 7,0,30,,3142,1,0,5 2 6 7,0,70,,4626,1,0,5 2 6 7,0
1101,'1',851,,4640,49,4,,0,100,,4645,49,4,,0,100,,4643,49,4,,0,100,,4641,49,4,,0,100,,4646,49,4,,0,100,,4639,49,4,,0,100,,547,49,4,,0,100,,4644,49,4,,0,100,,4648,49,4,,0,100,,4642,49,4,,0,100,,3238,49,4,,0,100,,4647,49,4,,0
1101,'2',551,,4665,49,4,,0,70,,2370,49,4,,0,30,,4669,49,4,,0,70,,778,49,4,,0,30,,4659,49,4,,0,70,,2784,49,4,,0,30,,4662,49,4,,0,70,,4649,49,4,,0,30,,1216,49,4,,0,70,,4668,49,4,,0,30,,4653,49,4,,0,70,,4651,49,4,,0,30,,4650,49,4,,0,70,,3058,49,4,,0,30,,447,49,4,,0,70,,4666,49,4,,0,30,,4655,49,4,,0,70,,4664,49,4,,0,30,,4657,49,4,,0,70,,4656,49,4,,0,30,,4663,49,4,,0,70,,4667,49,4,,0,30,,4661,49,4,,0,70,,4660,49,4,,0,30,,3361,49,4,,0,70,,3418,49,4,,0,30,,4654,49,4,,0,70,,4658,49,4,,0,30,,4652,49,4,,0
1101,'3',551,,4686,49,4,,0,70,,4680,49,4,,0,30,,379,49,4,,0,70,,4682,49,4,,0,30,,4674,49,4,,0,70,,4683,49,4,,0,30,,2517,49,4,,0,70,,2436,49,4,,0,30,,3158,49,4,,0,70,,853,49,4,,0,30,,4678,49,4,,0,70,,4675,49,4,,0,30,,4670,49,4,,0,70,,4677,49,4,,0,30,,3692,49,4,,0,70,,4671,49,4,,0,30,,1790,49,4,,0,70,,4673,49,4,,0,30,,4684,49,4,,0,70,,4681,49,4,,0,30,,4676,49,4,,0,70,,2682,49,4,,0,30,,4672,49,4,,0,70,,3309,49,4,,0,30,,4679,49,4,,0,70,,3684,49,4,,0,30,,3224,49,4,,0,70,,4685,49,4,,0,30,,2514,49,4,,0
1101,'4',551,,4701,49,4,,0,70,,4696,49,4,,0,30,,342,49,4,,0,70,,3791,49,4,,0,30,,4691,49,4,,0,70,,4698,49,4,,0,30,,2496,49,4,,0,70,,2409,49,4,,0,30,,3143,49,4,,0,70,,819,49,4,,0,30,,4695,49,4,,0,70,,4692,49,4,,0,30,,4687,49,4,,0,70,,4694,49,4,,0,30,,3675,49,4,,0,70,,4688,49,4,,0,30,,1765,49,4,,0,70,,4690,49,4,,0,30,,4699,49,4,,0,70,,4697,49,4,,0,30,,4693,49,4,,0,70,,2290,49,4,,0,30,,4689,49,4,,0,70,,3289,49,4,,0,30,,1150,49,4,,0,70,,3667,49,4,,0,30,,3202,49,4,,0,70,,4700,49,4,,0,30,,2493,49,4,,0
1200,'1',808,,4707,11,4,,0,30,,4722,11,4,,0,70,,4714,11,4,,0,30,,4717,11,4,,0,70,,4724,11,4,,0,30,,4725,11,4,,0,70,,4704,11,4,,0,30,,4702,11,4,,0,70,,4726,11,4,,0,30,,4709,11,4,,0,70,,4703,11,4,,0,30,,4719,11,4,,0,70,,4712,11,4,,0,30,,4718,11,4,,0,70,,4706,11,4,,0,30,,4721,11,4,,0,70,,4713,11,4,,0,30,,3236,11,4,,0,70,,4720,11,4,,0,30,,4710,11,4,,0,70,,3405,11,4,,0,30,,4716,11,4,,0,70,,4723,11,4,,0,30,,4715,11,4,,0,70,,4711,11,4,,0,30,,4708,11,4,,0,70,,4705,11,4,,0
1200,'2',708,,3047,11,4,,0,30,,4743,11,4,,0,70,,2714,11,4,,0,30,,4727,11,4,,0,70,,1006,11,4,,0,30,,4730,11,4,,0,70,,4735,11,4,,0,30,,4741,11,4,,0,70,,4737,11,4,,0,30,,4738,11,4,,0,70,,4742,11,4,,0,30,,4733,11,4,,0,70,,4732,11,4,,0,30,,4745,11,4,,0,70,,4731,11,4,,0,30,,4736,11,4,,0,70,,4734,11,4,,0,30,,4740,11,4,,0,70,,2919,11,4,,0,30,,662,11,4,,0,70,,4729,11,4,,0,30,,2845,11,4,,0,70,,4728,11,4,,0,30,,567,11,4,,0,70,,51,11,4,,0,30,,4744,11,4,,0,70,,4739,11,4,,0,30,,3707,11,4,,0,70,,996,11,4,,0,30,,3587,11,4,,0,70,,2860,11,4,,0,30,,3056,11,4,,0,70,,1560,11,4,,0
1200,'3',708,,4751,11,4,,0,30,,4758,11,4,,0,70,,1974,11,4,,0,30,,4756,11,4,,0,70,,2248,11,4,,0,30,,4762,11,4,,0,70,,2247,11,4,,0,30,,4749,11,4,,0,70,,123,11,4,,0,30,,4755,11,4,,0,70,,4746,11,4,,0,30,,4750,11,4,,0,70,,4766,11,4,,0,30,,4764,11,4,,0,70,,4753,11,4,,0,30,,4754,11,4,,0,70,,4760,11,4,,0,30,,4763,11,4,,0,70,,4761,11,4,,0,30,,4759,11,4,,0,70,,2415,11,4,,0,30,,2892,11,4,,0,70,,2425,11,4,,0,30,,3012,11,4,,0,70,,3399,11,4,,0,30,,3211,11,4,,0,70,,4765,11,4,,0,30,,4752,11,4,,0,70,,4748,11,4,,0,30,,4757,11,4,,0,70,,4747,11,4,,0,30,,2172,11,4,,0,70,,3563,11,4,,0
1200,'4',708,,4772,11,4,,0,30,,4779,11,4,,0,70,,1951,11,4,,0,30,,4777,11,4,,0,70,,2240,11,4,,0,30,,4783,11,4,,0,70,,2239,11,4,,0,30,,4770,11,4,,0,70,,86,11,4,,0,30,,4776,11,4,,0,70,,4767,11,4,,0,30,,4771,11,4,,0,70,,4787,11,4,,0,30,,4785,11,4,,0,70,,4774,11,4,,0,30,,4775,11,4,,0,70,,4781,11,4,,0,30,,4784,11,4,,0,70,,4782,11,4,,0,30,,4780,11,4,,0,70,,2389,11,4,,0,30,,2876,11,4,,0,70,,2399,11,4,,0,30,,2993,11,4,,0,70,,3378,11,4,,0,30,,3190,11,4,,0,70,,4786,11,4,,0,30,,4773,11,4,,0,70,,4769,11,4,,0,30,,4778,11,4,,0,70,,4768,11,4,,0,30,,2142,11,4,,0,70,,3548,11,4,,0
1201,'1',745,,2904,1,0,68 69,0,70,,3573,1,0,68 69,0,30,,4802,1,0,68 69,0,70,,4796,1,0,68 69,0,30,,4788,1,0,68 69,0,70,,4804,1,0,68 69,0,30,,4799,1,0,68 69,0,70,,3234,1,0,68 69,0,30,,4792,1,0,68 69,0,70,,4801,1,0,68 69,0,30,,3319,1,0,68 69,0,70,,4789,1,0,68 69,0,30,,4793,1,0,68 69,0,70,,4795,1,0,68 69,0,30,,4794,1,0,68 69,0,70,,2528,1,0,68 69,0,30,,2973,1,0,68 69,0,70,,4798,1,0,68 69,0,30,,4803,1,0,68 69,0,70,,2356,1,0,68 69,0,30,,4790,1,0,68 69,0,70,,4805,1,0,68 69,0,30,,4800,1,0,68 69,0,70,,4797,1,0,68 69,0,30,,4791,1,0,68 69,0,70,,3247,1,0,68 69,0,30,,4806,1,0,68 69,0
1201,'2',645,,4812,1,0,68 69,0,70,,4815,1,0,68 69,0,30,,1316,1,0,68 69,0,70,,4811,1,0,68 69,0,30,,4818,1,0,68 69,0,70,,4808,1,0,68 69,0,30,,4810,1,0,68 69,0,70,,4814,1,0,68 69,0,30,,4817,1,0,68 69,0,70,,3123,1,0,68 69,0,30,,3121,1,0,68 69,0,70,,2641,1,0,68 69,0,30,,4822,1,0,68 69,0,70,,2974,1,0,68 69,0,30,,2976,1,0,68 69,0,70,,2848,1,0,68 69,0,30,,4819,1,0,68 69,0,70,,4816,1,0,68 69,0,30,,3362,1,0,68 69,0,70,,3585,1,0,68 69,0,30,,4820,1,0,68 69,0,70,,561,1,0,68 69,0,30,,1994,1,0,68 69,0,70,,4821,1,0,68 69,0,30,,2465,1,0,68 69,0,70,,768,1,0,68 69,0,30,,4809,1,0,68 69,0,70,,3264,1,0,68 69,0,30,,4823,1,0,68 69,0,70,,4807,1,0,68 69,0,30,,3182,1,0,68 69,0,70,,4813,1,0,68 69,0,30,,780,1,0,68 69,0
1201,'3',645,,4832,1,0,68 69,0,70,,4842,1,0,68 69,0,30,,4841,1,0,68 69,0,70,,4826,1,0,68 69,0,30,,112,1,0,68 69,0,70,,4831,1,0,68 69,0,30,,2334,1,0,68 69,0,70,,3617,1,0,68 69,0,30,,388,1,0,68 69,0,70,,4824,1,0,68 69,0,30,,4828,1,0,68 69,0,70,,4830,1,0,68 69,0,30,,4829,1,0,68 69,0,70,,4840,1,0,68 69,0,30,,4835,1,0,68 69,0,70,,4838,1,0,68 69,0,30,,3504,1,0,68 69,0,70,,4834,1,0,68 69,0,30,,3682,1,0,68 69,0,70,,4837,1,0,68 69,0,30,,4825,1,0,68 69,0,70,,4843,1,0,68 69,0,30,,1185,1,0,68 69,0,70,,4833,1,0,68 69,0,30,,837,1,0,68 69,0,70,,2691,1,0,68 69,0,30,,2767,1,0,68 69,0,70,,3566,1,0,68 69,0,30,,3020,1,0,68 69,0,70,,4827,1,0,68 69,0,30,,4839,1,0,68 69,0,70,,4836,1,0,68 69,0,30,,638,1,0,68 69,0
1201,'4',645,,4852,1,0,68 69,0,70,,4861,1,0,68 69,0,30,,4860,1,0,68 69,0,70,,4846,1,0,68 69,0,30,,75,1,0,68 69,0,70,,4851,1,0,68 69,0,30,,2317,1,0,68 69,0,70,,3599,1,0,68 69,0,30,,351,1,0,68 69,0,70,,4844,1,0,68 69,0,30,,4848,1,0,68 69,0,70,,4850,1,0,68 69,0,30,,4849,1,0,68 69,0,70,,4859,1,0,68 69,0,30,,1153,1,0,68 69,0,70,,4857,1,0,68 69,0,30,,3490,1,0,68 69,0,70,,4854,1,0,68 69,0,30,,3665,1,0,68 69,0,70,,4856,1,0,68 69,0,30,,4845,1,0,68 69,0,70,,4862,1,0,68 69,0,30,,1155,1,0,68 69,0,70,,4853,1,0,68 69,0,30,,803,1,0,68 69,0,70,,2667,1,0,68 69,0,30,,2746,1,0,68 69,0,70,,3551,1,0,68 69,0,30,,3001,1,0,68 69,0,70,,4847,1,0,68 69,0,30,,4858,1,0,68 69,0,70,,4855,1,0,68 69,0,30,,606,1,0,68 69,0
1300,'1',845,,758,1,0,63 11 2 64 2 20,0,100,,3406,1,0,63 11 2 64 2 20,0,100,,3699,1,0,63 11 2 64 2 20,0,100,,4871,1,0,63 11 2 64 2 20,0,100,,4865,1,0,63 11 2 64 2 20,0,100,,4869,1,0,63 11 2 64 2 20,0,100,,4863,1,0,63 11 2 64 2 20,0,100,,4867,1,0,63 11 2 64 2 20,0,100,,4868,1,0,63 11 2 64 2 20,0,100,,4866,1,0,63 11 2 64 2 20,0,100,,4870,1,0,63 11 2 64 2 20,0,100,,4864,1,0,63 11 2 64 2 20,0
1300,'2',515,,4879,1,0,63 11 2 64 2 20,0,30,,4877,1,0,63 11 2 64 2 20,0,70,,4883,1,0,63 11 2 64 2 20,0,30,,4873,1,0,63 11 2 64 2 20,0,70,,4888,1,0,63 11 2 64 2 20,0,30,,4886,1,0,63 11 2 64 2 20,0,70,,4878,1,0,63 11 2 64 2 20,0,30,,4885,1,0,63 11 2 64 2 20,0,70,,4881,1,0,63 11 2 64 2 20,0,30,,4874,1,0,63 11 2 64 2 20,0,70,,37,1,0,63 11 2 64 2 20,0,100,,3257,1,0,63 11 2 64 2 20,0,100,,4884,1,0,63 11 2 64 2 20,0,100,,4882,1,0,63 11 2 64 2 20,0,100,,2460,1,0,63 11 2 64 2 20,0,100,,4880,1,0,63 11 2 64 2 20,0,30,,2111,1,0,63 11 2 64 2 20,0,70,,2867,1,0,63 11 2 64 2 20,0,30,,1837,1,0,63 11 2 64 2 20,0,70,,4887,1,0,63 11 2 64 2 20,0,30,,1118,1,0,63 11 2 64 2 20,0,70,,4875,1,0,63 11 2 64 2 20,0,30,,4872,1,0,63 11 2 64 2 20,0,70,,1762,1,0,63 11 2 64 2 20,0,30,,4876,1,0,63 11 2 64 2 20,0
1300,'3',515,,4890,1,0,63 11 2 64 2 20,0,30,,3385,1,0,63 11 2 64 2 20,0,70,,3089,1,0,63 11 2 64 2 20,0,30,,4896,1,0,63 11 2 64 2 20,0,70,,3509,1,0,63 11 2 64 2 20,0,30,,640,1,0,63 11 2 64 2 20,0,70,,4892,1,0,63 11 2 64 2 20,0,30,,1607,1,0,63 11 2 64 2 20,0,70,,2596,1,0,63 11 2 64 2 20,0,30,,4899,1,0,63 11 2 64 2 20,0,70,,2689,1,0,63 11 2 64 2 20,0,100,,4895,1,0,63 11 2 64 2 20,0,100,,4901,1,0,63 11 2 64 2 20,0,100,,975,1,0,63 11 2 64 2 20,0,100,,4900,1,0,63 11 2 64 2 20,0,100,,4894,1,0,63 11 2 64 2 20,0,30,,2215,1,0,63 11 2 64 2 20,0,70,,4893,1,0,63 11 2 64 2 20,0,30,,4891,1,0,63 11 2 64 2 20,0,70,,516,1,0,63 11 2 64 2 20,0,30,,4897,1,0,63 11 2 64 2 20,0,70,,3680,1,0,63 11 2 64 2 20,0,30,,4889,1,0,63 11 2 64 2 20,0,70,,1890,1,0,63 11 2 64 2 20,0,30,,4898,1,0,63 11 2 64 2 20,0
1300,'4',515,,4903,1,0,63 11 2 64 2 20,0,30,,3365,1,0,63 11 2 64 2 20,0,70,,2257,1,0,63 11 2 64 2 20,0,30,,4909,1,0,63 11 2 64 2 20,0,70,,3495,1,0,63 11 2 64 2 20,0,30,,608,1,0,63 11 2 64 2 20,0,70,,4905,1,0,63 11 2 64 2 20,0,30,,1574,1,0,63 11 2 64 2 20,0,70,,2579,1,0,63 11 2 64 2 20,0,30,,4912,1,0,63 11 2 64 2 20,0,70,,2665,1,0,63 11 2 64 2 20,0,100,,4908,1,0,63 11 2 64 2 20,0,100,,4914,1,0,63 11 2 64 2 20,0,100,,941,1,0,63 11 2 64 2 20,0,100,,4913,1,0,63 11 2 64 2 20,0,100,,4907,1,0,63 11 2 64 2 20,0,30,,2190,1,0,63 11 2 64 2 20,0,70,,4906,1,0,63 11 2 64 2 20,0,30,,4904,1,0,63 11 2 64 2 20,0,70,,480,1,0,63 11 2 64 2 20,0,30,,4910,1,0,63 11 2 64 2 20,0,70,,3663,1,0,63 11 2 64 2 20,0,30,,4902,1,0,63 11 2 64 2 20,0,70,,1867,1,0,63 11 2 64 2 20,0,30,,4911,1,0,63 11 2 64 2 20,0
1301,'1',842,,4926,26,4,,0,100,,4924,26,4,,0,100,,4923,26,4,,0,100,,4919,26,4,,0,100,,4917,26,4,,0,100,,4916,26,4,,0,100,,4925,26,4,,0,100,,4918,26,4,,0,100,,4915,26,4,,0,100,,4922,26,4,,0,100,,4920,26,4,,0,100,,4921,26,4,,0
1301,'2',542,,1760,26,4,,0,70,,4929,26,4,,0,30,,2387,26,4,,0,70,,2855,26,4,,0,30,,4935,26,4,,0,70,,4930,26,4,,0,30,,4933,26,4,,0,70,,4937,26,4,,0,30,,4931,26,4,,0,70,,2551,26,4,,0,100,,3537,26,4,,0,100,,4927,26,4,,0,100,,4936,26,4,,0,100,,333,26,4,,0,100,,3253,26,4,,0,30,,4934,26,4,,0,70,,3425,26,4,,0,30,,2726,26,4,,0,70,,4932,26,4,,0,30,,4928,26,4,,0,70,,2637,26,4,,0,30,,433,26,4,,0,70,,4938,26,4,,0,30,,4939,26,4,,0,70,,782,26,4,,0
1301,'3',542,,4940,26,4,,0,70,,3221,26,4,,0,30,,4950,26,4,,0,70,,4941,26,4,,0,30,,4942,26,4,,0,70,,4944,26,4,,0,30,,4943,26,4,,0,70,,2947,26,4,,0,30,,728,26,4,,0,70,,4949,26,4,,0,100,,4945,26,4,,0,100,,4952,26,4,,0,100,,2826,26,4,,0,100,,4954,26,4,,0,100,,2677,26,4,,0,30,,2344,26,4,,0,70,,4948,26,4,,0,30,,4947,26,4,,0,70,,4946,26,4,,0,30,,3147,26,4,,0,70,,1707,26,4,,0,30,,4953,26,4,,0,70,,1366,26,4,,0,30,,3154,26,4,,0,70,,4951,26,4,,0
1301,'4',542,,4955,26,4,,0,70,,3199,26,4,,0,30,,4965,26,4,,0,70,,4956,26,4,,0,30,,4957,26,4,,0,70,,4959,26,4,,0,30,,4958,26,4,,0,70,,2931,26,4,,0,30,,694,26,4,,0,70,,4964,26,4,,0,100,,4960,26,4,,0,100,,4967,26,4,,0,100,,2284,26,4,,0,100,,4969,26,4,,0,100,,2654,26,4,,0,30,,2327,26,4,,0,70,,4963,26,4,,0,30,,4962,26,4,,0,70,,4961,26,4,,0,30,,3132,26,4,,0,70,,1682,26,4,,0,30,,4968,26,4,,0,70,,1337,26,4,,0,30,,3139,26,4,,0,70,,4966,26,4,,0
15100,'3',1603,,5272,25,0,20,0
15101,'3',824,,3098,13,0,75 1 76,0
