401,'1',538,,696,0,22 2 23 24,0,70,,1049,0,22 2 23 24,0,30,,207,0,22 2 23 24,0,70,,218,0,22 2 23 24,0,30,,2869,0,22 2 23 24,0,70,,1466,0,22 2 23 24,0,30,,345,0,22 2 23 24,0,70,,1606,0,22 2 23 24,0,30,,2879,0,22 2 23 24,0,70,,2877,0,22 2 23 24,0,30,,2883,0,22 2 23 24,0,70,,2278,0,22 2 23 24,0,30,,85,0,22 2 23 24,0,70,,2880,0,22 2 23 24,0,30,,2876,0,22 2 23 24,0,70,,1947,0,22 2 23 24,0,30,,71,0,22 2 23 24,0,70,,2240,0,22 2 23 24,0,30,,2276,0,22 2 23 24,0,70,,2881,0,22 2 23 24,0,30,,2878,0,22 2 23 24,0,70,,2875,0,22 2 23 24,0,30,,2871,0,22 2 23 24,0,70,,1134,0,22 2 23 24,0,30,,2872,0,22 2 23 24,0,70,,2882,0,22 2 23 24,0,30,,937,0,22 2 23 24,0,70,,91,0,22 2 23 24,0,32,,2870,0,22 2 23 24,0,68,,2873,0,22 2 23 24,0,100,,2874,0,22 2 23 24,0,100,,1255,0,22 2 23 24,0,100,,1144,0,22 2 23 24,0
401,'2',538,,730,0,22 2 23 24,0,70,,1080,0,22 2 23 24,0,30,,245,0,22 2 23 24,0,70,,256,0,22 2 23 24,0,30,,2884,0,22 2 23 24,0,70,,1499,0,22 2 23 24,0,30,,382,0,22 2 23 24,0,70,,1639,0,22 2 23 24,0,30,,2896,0,22 2 23 24,0,70,,2894,0,22 2 23 24,0,30,,2900,0,22 2 23 24,0,70,,2893,0,22 2 23 24,0,30,,122,0,22 2 23 24,0,70,,2897,0,22 2 23 24,0,30,,2892,0,22 2 23 24,0,70,,1970,0,22 2 23 24,0,30,,108,0,22 2 23 24,0,70,,2248,0,22 2 23 24,0,30,,2887,0,22 2 23 24,0,70,,2898,0,22 2 23 24,0,30,,2895,0,22 2 23 24,0,70,,2891,0,22 2 23 24,0,30,,2886,0,22 2 23 24,0,70,,1164,0,22 2 23 24,0,30,,2888,0,22 2 23 24,0,70,,2899,0,22 2 23 24,0,30,,971,0,22 2 23 24,0,70,,128,0,22 2 23 24,0,32,,2885,0,22 2 23 24,0,68,,2889,0,22 2 23 24,0,100,,2890,0,22 2 23 24,0,100,,1284,0,22 2 23 24,0,100,,1174,0,22 2 23 24,0
401,'3',838,,2909,0,22 2 23 24,0,100,,2908,0,22 2 23 24,0,100,,2907,0,22 2 23 24,0,100,,2904,0,22 2 23 24,0,100,,410,0,22 2 23 24,0,100,,1093,0,22 2 23 24,0,100,,2903,0,22 2 23 24,0,100,,2901,0,22 2 23 24,0,100,,2905,0,22 2 23 24,0,100,,2902,0,22 2 23 24,0,100,,2906,0,22 2 23 24,0,100,,1098,0,22 2 23 24,0
401,'4',538,,2926,0,22 2 23 24,0,70,,2911,0,22 2 23 24,0,30,,2917,0,22 2 23 24,0,70,,576,0,22 2 23 24,0,30,,2925,0,22 2 23 24,0,70,,325,0,22 2 23 24,0,30,,1435,0,22 2 23 24,0,70,,1013,0,22 2 23 24,0,30,,2922,0,22 2 23 24,0,70,,2927,0,22 2 23 24,0,30,,2920,0,22 2 23 24,0,70,,1546,0,22 2 23 24,0,30,,2928,0,22 2 23 24,0,70,,2918,0,22 2 23 24,0,30,,1308,0,22 2 23 24,0,70,,682,0,22 2 23 24,0,30,,914,0,22 2 23 24,0,70,,1662,0,22 2 23 24,0,30,,2916,0,22 2 23 24,0,70,,2923,0,22 2 23 24,0,30,,50,0,22 2 23 24,0,70,,2919,0,22 2 23 24,0,30,,2915,0,22 2 23 24,0,70,,2118,0,22 2 23 24,0,30,,1124,0,22 2 23 24,0,70,,2914,0,22 2 23 24,0,30,,2910,0,22 2 23 24,0,70,,2913,0,22 2 23 24,0,30,,2924,0,22 2 23 24,0,70,,1017,0,22 2 23 24,0,100,,1559,0,22 2 23 24,0,100,,680,0,22 2 23 24,0,100,,2912,0,22 2 23 24,0
1501,'1',605,,3547,0,39 2 40,0,30,,3549,0,39 2 40,0,70,,488,0,39 2 40,0,30,,198,0,39 2 40,0,70,,482,0,39 2 40,0,30,,3546,0,39 2 40,0,70,,477,0,39 2 40,0,30,,2268,0,39 2 40,0,70,,3543,0,39 2 40,0,100,,3544,0,39 2 40,0,100,,3550,0,39 2 40,0,100,,3548,0,39 2 40,0,100,,3545,0,39 2 40,0,100,,3554,0,39 2 40,0,30,,3552,0,39 2 40,0,70,,3553,0,39 2 40,0,30,,1677,0,39 2 40,0,70,,1867,0,39 2 40,0,30,,1855,0,39 2 40,0,70,,3551,0,39 2 40,0,30,,3555,0,39 2 40,0,70,,3556,0,39 2 40,0,100,,2143,0,39 2 40,0
1501,'2',605,,3562,0,39 2 40,0,30,,3564,0,39 2 40,0,70,,524,0,39 2 40,0,30,,236,0,39 2 40,0,70,,518,0,39 2 40,0,30,,3561,0,39 2 40,0,70,,513,0,39 2 40,0,30,,3559,0,39 2 40,0,70,,3557,0,39 2 40,0,100,,3558,0,39 2 40,0,100,,3565,0,39 2 40,0,100,,3563,0,39 2 40,0,100,,3560,0,39 2 40,0,100,,3569,0,39 2 40,0,30,,3567,0,39 2 40,0,70,,3568,0,39 2 40,0,30,,1702,0,39 2 40,0,70,,1890,0,39 2 40,0,30,,1878,0,39 2 40,0,70,,3566,0,39 2 40,0,30,,3570,0,39 2 40,0,70,,3571,0,39 2 40,0,100,,2173,0,39 2 40,0
1501,'3',905,,3578,0,39 2 40,0,100,,1395,0,39 2 40,0,100,,3572,0,39 2 40,0,100,,3573,0,39 2 40,0,100,,3576,0,39 2 40,0,100,,1538,0,39 2 40,0,100,,3574,0,39 2 40,0,100,,3575,0,39 2 40,0,100,,3577,0,39 2 40,0,100,,1517,0,39 2 40,0,100,,3579,0,39 2 40,0,100,,1398,0,39 2 40,0
1501,'4',605,,3587,0,39 2 40,0,30,,3590,0,39 2 40,0,70,,3581,0,39 2 40,0,30,,3584,0,39 2 40,0,70,,573,0,39 2 40,0,30,,1929,0,39 2 40,0,70,,3593,0,39 2 40,0,30,,3580,0,39 2 40,0,70,,1321,0,39 2 40,0,100,,3582,0,39 2 40,0,100,,3583,0,39 2 40,0,100,,314,0,39 2 40,0,100,,678,0,39 2 40,0,100,,3596,0,39 2 40,0,30,,3594,0,39 2 40,0,70,,3585,0,39 2 40,0,30,,3586,0,39 2 40,0,70,,3591,0,39 2 40,0,30,,3595,0,39 2 40,0,70,,3592,0,39 2 40,0,30,,177,0,39 2 40,0,70,,3588,0,39 2 40,0,100,,3589,0,39 2 40,0
1601,'1',539,,3672,0,68 11,0,70,,3664,0,68 11,0,30,,3671,0,68 11,0,70,,3674,0,68 11,0,30,,3665,0,68 11,0,70,,1449,0,68 11,0,30,,3675,0,68 11,0,70,,3660,0,68 11,0,30,,1358,0,68 11,0,70,,3667,0,68 11,0,30,,2239,0,68 11,0,70,,1774,0,68 11,0,30,,3663,0,68 11,0,70,,3661,0,68 11,0,30,,3669,0,68 11,0,70,,3673,0,68 11,0,30,,3668,0,68 11,0,70,,1346,0,68 11,0,30,,3670,0,68 11,0,70,,492,0,68 11,0,30,,3662,0,68 11,0,70,,2273,0,68 11,0,30,,807,0,68 11,0,70,,228,0,68 11,0,30,,581,0,68 11,0,70,,943,0,68 11,0,30,,368,0,68 11,0,70,,1851,0,68 11,0,30,,3666,0,68 11,0,70,,342,0,68 11,0
1601,'2',539,,3689,0,68 11,0,70,,3681,0,68 11,0,30,,3688,0,68 11,0,70,,3691,0,68 11,0,30,,3682,0,68 11,0,70,,1482,0,68 11,0,30,,3692,0,68 11,0,70,,3676,0,68 11,0,30,,1387,0,68 11,0,70,,3684,0,68 11,0,30,,2247,0,68 11,0,70,,1799,0,68 11,0,30,,3680,0,68 11,0,70,,3677,0,68 11,0,30,,3686,0,68 11,0,70,,3690,0,68 11,0,30,,3685,0,68 11,0,70,,1375,0,68 11,0,30,,3687,0,68 11,0,70,,528,0,68 11,0,30,,3679,0,68 11,0,70,,3678,0,68 11,0,30,,841,0,68 11,0,70,,266,0,68 11,0,30,,613,0,68 11,0,70,,977,0,68 11,0,30,,405,0,68 11,0,70,,1874,0,68 11,0,30,,3683,0,68 11,0,70,,379,0,68 11,0
1601,'3',910,,3700,0,68 11,0,100,,3697,0,68 11,0,100,,3694,0,68 11,0,100,,3695,0,68 11,0,100,,3698,0,68 11,0,100,,3696,0,68 11,0,100,,3702,0,68 11,0,100,,3701,0,68 11,0,100,,3693,0,68 11,0,100,,3699,0,68 11,0,100,,1983,0,68 11,0,100,,547,0,68 11,0
1601,'4',539,,3717,0,68 11,0,70,,3718,0,68 11,0,30,,3704,0,68 11,0,70,,3716,0,68 11,0,30,,3710,0,68 11,0,70,,1000,0,68 11,0,30,,998,0,68 11,0,70,,3715,0,68 11,0,30,,1994,0,68 11,0,70,,3714,0,68 11,0,30,,188,0,68 11,0,70,,2090,0,68 11,0,30,,3707,0,68 11,0,70,,681,0,68 11,0,30,,460,0,68 11,0,70,,3719,0,68 11,0,30,,1436,0,68 11,0,70,,3713,0,68 11,0,30,,3703,0,68 11,0,70,,1848,0,68 11,0,30,,3709,0,68 11,0,70,,3712,0,68 11,0,30,,3706,0,68 11,0,70,,3708,0,68 11,0,30,,1421,0,68 11,0,70,,563,0,68 11,0,30,,1763,0,68 11,0,70,,1311,0,68 11,0,30,,3705,0,68 11,0,70,,3711,0,68 11,0
11201,'1',759,,1137,,,0
13201,'1',757,,2122,0,34,0
13301,'1',755,,2298,,,0,0,,1150,,,0
13901,'1',754,,3783,,,0
