1501,'1',558,,3547,20,0,39 2 40,0,70,,3549,20,0,39 2 40,0,30,,488,20,0,39 2 40,0,70,,198,20,0,39 2 40,0,30,,482,20,0,39 2 40,0,70,,3546,20,0,39 2 40,0,30,,477,20,0,39 2 40,0,70,,2268,20,0,39 2 40,0,30,,3543,20,0,39 2 40,0,100,,3544,20,0,39 2 40,0,100,,3550,20,0,39 2 40,0,100,,3548,20,0,39 2 40,0,100,,3545,20,0,39 2 40,0,100,,3554,20,0,39 2 40,0,70,,3552,20,0,39 2 40,0,30,,3553,20,0,39 2 40,0,70,,1677,20,0,39 2 40,0,30,,1867,20,0,39 2 40,0,70,,1855,20,0,39 2 40,0,30,,3551,20,0,39 2 40,0,70,,3555,20,0,39 2 40,0,30,,3556,20,0,39 2 40,0,100,,2143,20,0,39 2 40,0
1501,'2',558,,3562,20,0,39 2 40,0,70,,3564,20,0,39 2 40,0,30,,524,20,0,39 2 40,0,70,,236,20,0,39 2 40,0,30,,518,20,0,39 2 40,0,70,,3561,20,0,39 2 40,0,30,,513,20,0,39 2 40,0,70,,3559,20,0,39 2 40,0,30,,3557,20,0,39 2 40,0,100,,3558,20,0,39 2 40,0,100,,3565,20,0,39 2 40,0,100,,3563,20,0,39 2 40,0,100,,3560,20,0,39 2 40,0,100,,3569,20,0,39 2 40,0,70,,3567,20,0,39 2 40,0,30,,3568,20,0,39 2 40,0,70,,1702,20,0,39 2 40,0,30,,1890,20,0,39 2 40,0,70,,1878,20,0,39 2 40,0,30,,3566,20,0,39 2 40,0,70,,3570,20,0,39 2 40,0,30,,3571,20,0,39 2 40,0,100,,2173,20,0,39 2 40,0
1501,'3',901,,3578,20,0,39 2 40,0,100,,1395,20,0,39 2 40,0,100,,3572,20,0,39 2 40,0,100,,3573,20,0,39 2 40,0,100,,3576,20,0,39 2 40,0,100,,1538,20,0,39 2 40,0,100,,3574,20,0,39 2 40,0,100,,3575,20,0,39 2 40,0,100,,3577,20,0,39 2 40,0,100,,1517,20,0,39 2 40,0,100,,3579,20,0,39 2 40,0,100,,1398,20,0,39 2 40,0
1501,'4',558,,3587,20,0,39 2 40,0,70,,3590,20,0,39 2 40,0,30,,3581,20,0,39 2 40,0,70,,3584,20,0,39 2 40,0,30,,573,20,0,39 2 40,0,70,,1929,20,0,39 2 40,0,30,,3593,20,0,39 2 40,0,70,,3580,20,0,39 2 40,0,30,,1321,20,0,39 2 40,0,100,,3582,20,0,39 2 40,0,100,,3583,20,0,39 2 40,0,100,,314,20,0,39 2 40,0,100,,678,20,0,39 2 40,0,100,,3596,20,0,39 2 40,0,70,,3594,20,0,39 2 40,0,30,,3585,20,0,39 2 40,0,70,,3586,20,0,39 2 40,0,30,,3591,20,0,39 2 40,0,70,,3595,20,0,39 2 40,0,30,,3592,20,0,39 2 40,0,70,,177,20,0,39 2 40,0,30,,3588,20,0,39 2 40,0,100,,3589,20,0,39 2 40,0
1601,'1',537,,3672,7,0,68 11,0,70,,3664,7,0,68 11,0,30,,3671,7,0,68 11,0,70,,3674,7,0,68 11,0,30,,3665,7,0,68 11,0,70,,1449,7,0,68 11,0,30,,3675,7,0,68 11,0,70,,3660,7,0,68 11,0,30,,1358,7,0,68 11,0,70,,3667,7,0,68 11,0,30,,2239,7,0,68 11,0,70,,1774,7,0,68 11,0,30,,3663,7,0,68 11,0,70,,3661,7,0,68 11,0,30,,3669,7,0,68 11,0,70,,3673,7,0,68 11,0,30,,3668,7,0,68 11,0,70,,1346,7,0,68 11,0,30,,3670,7,0,68 11,0,70,,492,7,0,68 11,0,30,,3662,7,0,68 11,0,70,,2273,7,0,68 11,0,30,,807,7,0,68 11,0,70,,228,7,0,68 11,0,30,,581,7,0,68 11,0,70,,943,7,0,68 11,0,30,,368,7,0,68 11,0,70,,1851,7,0,68 11,0,30,,3666,7,0,68 11,0,70,,342,7,0,68 11,0
1601,'2',537,,3689,7,0,68 11,0,70,,3681,7,0,68 11,0,30,,3688,7,0,68 11,0,70,,3691,7,0,68 11,0,30,,3682,7,0,68 11,0,70,,1482,7,0,68 11,0,30,,3692,7,0,68 11,0,70,,3676,7,0,68 11,0,30,,1387,7,0,68 11,0,70,,3684,7,0,68 11,0,30,,2247,7,0,68 11,0,70,,1799,7,0,68 11,0,30,,3680,7,0,68 11,0,70,,3677,7,0,68 11,0,30,,3686,7,0,68 11,0,70,,3690,7,0,68 11,0,30,,3685,7,0,68 11,0,70,,1375,7,0,68 11,0,30,,3687,7,0,68 11,0,70,,528,7,0,68 11,0,30,,3679,7,0,68 11,0,70,,3678,7,0,68 11,0,30,,841,7,0,68 11,0,70,,266,7,0,68 11,0,30,,613,7,0,68 11,0,70,,977,7,0,68 11,0,30,,405,7,0,68 11,0,70,,1874,7,0,68 11,0,30,,3683,7,0,68 11,0,70,,379,7,0,68 11,0
1601,'3',908,,3700,7,0,68 11,0,100,,3697,7,0,68 11,0,100,,3694,7,0,68 11,0,100,,3695,7,0,68 11,0,100,,3698,7,0,68 11,0,100,,3696,7,0,68 11,0,100,,3702,7,0,68 11,0,100,,3701,7,0,68 11,0,100,,3693,7,0,68 11,0,100,,3699,7,0,68 11,0,100,,1983,7,0,68 11,0,100,,547,7,0,68 11,0
1601,'4',537,,3717,7,0,68 11,0,70,,3718,7,0,68 11,0,30,,3704,7,0,68 11,0,70,,3716,7,0,68 11,0,30,,3710,7,0,68 11,0,70,,1000,7,0,68 11,0,30,,998,7,0,68 11,0,70,,3715,7,0,68 11,0,30,,1994,7,0,68 11,0,70,,3714,7,0,68 11,0,30,,188,7,0,68 11,0,70,,2090,7,0,68 11,0,30,,3707,7,0,68 11,0,70,,681,7,0,68 11,0,30,,460,7,0,68 11,0,70,,3719,7,0,68 11,0,30,,1436,7,0,68 11,0,70,,3713,7,0,68 11,0,30,,3703,7,0,68 11,0,70,,1848,7,0,68 11,0,30,,3709,7,0,68 11,0,70,,3712,7,0,68 11,0,30,,3706,7,0,68 11,0,70,,3708,7,0,68 11,0,30,,1421,7,0,68 11,0,70,,563,7,0,68 11,0,30,,1763,7,0,68 11,0,70,,1311,7,0,68 11,0,30,,3705,7,0,68 11,0,70,,3711,7,0,68 11,0
11301,'1',754,,3763,16,,,0
13301,'1',753,,2298,13,,,0,0,,1150,16,,,0
13901,'1',749,,3783,15,,,0
