1000,'1',837,,4448,26,0,32,0,100,,3577,26,0,32,0,100,,4446,26,0,32,0,100,,4444,26,0,32,0,100,,4451,26,0,32,0,100,,4449,26,0,32,0,100,,4445,26,0,32,0,100,,4453,26,0,32,0,100,,2457,26,0,32,0,100,,4447,26,0,32,0,100,,4452,26,0,32,0,100,,4450,26,0,32,0
1000,'2',537,,4468,26,0,32,0,70,,4463,26,0,32,0,30,,2381,26,0,32,0,70,,4465,26,0,32,0,30,,1753,26,0,32,0,70,,1007,26,0,32,0,30,,4454,26,0,32,0,70,,899,26,0,32,0,30,,4473,26,0,32,0,70,,3128,26,0,32,0,30,,4456,26,0,32,0,70,,1996,26,0,32,0,30,,4462,26,0,32,0,70,,4459,26,0,32,0,30,,2459,26,0,32,0,70,,4458,26,0,32,0,30,,4457,26,0,32,0,70,,4471,26,0,32,0,30,,4464,26,0,32,0,70,,2646,26,0,32,0,30,,4455,26,0,32,0,70,,4460,26,0,32,0,30,,195,26,0,32,0,70,,4467,26,0,32,0,30,,4469,26,0,32,0,70,,3270,26,0,32,0,30,,4461,26,0,32,0,70,,4472,26,0,32,0,30,,4466,26,0,32,0,70,,448,26,0,32,0
1000,'3',537,,4491,26,0,32,0,70,,2764,26,0,32,0,30,,4495,26,0,32,0,70,,4488,26,0,32,0,30,,4483,26,0,32,0,70,,4480,26,0,32,0,30,,3029,26,0,32,0,70,,4475,26,0,32,0,30,,4485,26,0,32,0,70,,4478,26,0,32,0,30,,4489,26,0,32,0,70,,3097,26,0,32,0,30,,4481,26,0,32,0,70,,4484,26,0,32,0,30,,4487,26,0,32,0,70,,2055,26,0,32,0,30,,4476,26,0,32,0,70,,3159,26,0,32,0,30,,2591,26,0,32,0,70,,4479,26,0,32,0,30,,4492,26,0,32,0,70,,4493,26,0,32,0,30,,4477,26,0,32,0,70,,1066,26,0,32,0,30,,4490,26,0,32,0,70,,3210,26,0,32,0,30,,4482,26,0,32,0,70,,4474,26,0,32,0,30,,383,26,0,32,0,70,,4486,26,0,32,0
1000,'4',537,,4513,26,0,32,0,70,,2743,26,0,32,0,30,,4516,26,0,32,0,70,,4510,26,0,32,0,30,,4505,26,0,32,0,70,,4502,26,0,32,0,30,,3009,26,0,32,0,70,,4497,26,0,32,0,30,,4507,26,0,32,0,70,,4500,26,0,32,0,30,,4511,26,0,32,0,70,,3077,26,0,32,0,30,,4503,26,0,32,0,70,,4506,26,0,32,0,30,,4509,26,0,32,0,70,,2025,26,0,32,0,30,,4498,26,0,32,0,70,,3144,26,0,32,0,30,,2574,26,0,32,0,70,,4501,26,0,32,0,30,,4514,26,0,32,0,70,,4515,26,0,32,0,30,,4499,26,0,32,0,70,,1035,26,0,32,0,30,,4512,26,0,32,0,70,,2309,26,0,32,0,30,,4504,26,0,32,0,70,,4496,26,0,32,0,30,,346,26,0,32,0,70,,4508,26,0,32,0
12100,'3',1559,,5237,13,0,27 28,0
12101,'3',829,,5238,5,0,27 28,0
13700,'3',1539,,2066,17,0,100 10 11 31 3 27 16,0
13701,'3',739,,5257,5,0,33,0
14401,'3',813,,5269,7,0,24,0
15200,'3',1601,,5273,19,0,54 93 105 100 10 11,0
15201,'3',821,,5274,12,0,75 1 76,0,0,,5275,9,0,75 1 76,0
