201,'1',821,,2536,23,0,18,0,30,,4076,23,0,18,0,70,,4077,23,0,18,0,30,,4083,23,0,18,0,70,,4082,23,0,18,0,30,,4078,23,0,18,0,70,,2773,23,0,18,0,30,,4079,23,0,18,0,70,,4088,23,0,18,0,30,,4086,23,0,18,0,70,,4090,23,0,18,0,30,,2442,23,0,18,0,70,,4089,23,0,18,0,30,,4081,23,0,18,0,70,,4087,23,0,18,0,30,,4084,23,0,18,0,70,,4085,23,0,18,0,30,,3574,23,0,18,0,70,,2620,23,0,18,0,30,,4091,23,0,18,0,70,,4075,23,0,18,0,30,,4080,23,0,18,0,70,,4092,23,0,18,0,30,,4093,23,0,18,0
201,'2',521,,4110,23,0,18,0,30,,4112,23,0,18,0,70,,3711,23,0,18,0,30,,3532,23,0,18,0,70,,1013,23,0,18,0,30,,2466,23,0,18,0,70,,1827,23,0,18,0,30,,4099,23,0,18,0,70,,4107,23,0,18,0,30,,4116,23,0,18,0,70,,4106,23,0,18,0,30,,4115,23,0,18,0,70,,4109,23,0,18,0,30,,4113,23,0,18,0,70,,2793,23,0,18,0,30,,4102,23,0,18,0,70,,1744,23,0,18,0,30,,1670,23,0,18,0,70,,4108,23,0,18,0,30,,4104,23,0,18,0,70,,4114,23,0,18,0,30,,3704,23,0,18,0,70,,4101,23,0,18,0,30,,1124,23,0,18,0,70,,4100,23,0,18,0,30,,4095,23,0,18,0,70,,4097,23,0,18,0,30,,4094,23,0,18,0,70,,4098,23,0,18,0,30,,4105,23,0,18,0,70,,4118,23,0,18,0,30,,4117,23,0,18,0,70,,4103,23,0,18,0,30,,4096,23,0,18,0,70,,4111,23,0,18,0,30,,3127,23,0,18,0
201,'3',521,,4142,23,0,18,0,30,,3023,23,0,18,0,70,,4123,23,0,18,0,30,,4130,23,0,18,0,70,,2898,23,0,18,0,30,,4124,23,0,18,0,70,,4138,23,0,18,0,30,,1626,23,0,18,0,70,,252,23,0,18,0,30,,4134,23,0,18,0,70,,3507,23,0,18,0,30,,4132,23,0,18,0,70,,4137,23,0,18,0,30,,4136,23,0,18,0,70,,4143,23,0,18,0,30,,4135,23,0,18,0,70,,4120,23,0,18,0,30,,3564,23,0,18,0,70,,2504,23,0,18,0,30,,4141,23,0,18,0,70,,4139,23,0,18,0,30,,4131,23,0,18,0,70,,4140,23,0,18,0,30,,4119,23,0,18,0,70,,3619,23,0,18,0,30,,4133,23,0,18,0,70,,3753,23,0,18,0,30,,4128,23,0,18,0,70,,4129,23,0,18,0,30,,4127,23,0,18,0,70,,4125,23,0,18,0,30,,4122,23,0,18,0,70,,4126,23,0,18,0,30,,4121,23,0,18,0,70,,3016,23,0,18,0,30,,2513,23,0,18,0
201,'4',521,,4165,23,0,18,0,30,,3004,23,0,18,0,70,,4148,23,0,18,0,30,,4154,23,0,18,0,70,,2881,23,0,18,0,30,,3766,23,0,18,0,70,,4161,23,0,18,0,30,,1593,23,0,18,0,70,,214,23,0,18,0,30,,4158,23,0,18,0,70,,3493,23,0,18,0,30,,4156,23,0,18,0,70,,3777,23,0,18,0,30,,4160,23,0,18,0,70,,4166,23,0,18,0,30,,4159,23,0,18,0,70,,4145,23,0,18,0,30,,3549,23,0,18,0,70,,2483,23,0,18,0,30,,4164,23,0,18,0,70,,4162,23,0,18,0,30,,4155,23,0,18,0,70,,4163,23,0,18,0,30,,4144,23,0,18,0,70,,3601,23,0,18,0,30,,4157,23,0,18,0,70,,3736,23,0,18,0,30,,4152,23,0,18,0,70,,4153,23,0,18,0,30,,4151,23,0,18,0,70,,4149,23,0,18,0,30,,4147,23,0,18,0,70,,4150,23,0,18,0,30,,4146,23,0,18,0,70,,2997,23,0,18,0,30,,2492,23,0,18,0
1001,'1',851,,4524,8,0,32,0,100,,4517,8,0,32,0,100,,4527,8,0,32,0,100,,4526,8,0,32,0,100,,4525,8,0,32,0,100,,4522,8,0,32,0,100,,4520,8,0,32,0,100,,4523,8,0,32,0,100,,4518,8,0,32,0,100,,4519,8,0,32,0,100,,2843,8,0,32,0,100,,4521,8,0,32,0
1001,'2',521,,4528,8,0,32,0,30,,4532,8,0,32,0,70,,2013,8,0,32,0,30,,2567,8,0,32,0,70,,4544,8,0,32,0,30,,4531,8,0,32,0,70,,2782,8,0,32,0,30,,4541,8,0,32,0,70,,4534,8,0,32,0,30,,4542,8,0,32,0,70,,1658,8,0,32,0,30,,4543,8,0,32,0,70,,3642,8,0,32,0,30,,794,8,0,32,0,70,,4535,8,0,32,0,30,,4529,8,0,32,0,70,,1106,8,0,32,0,30,,2914,8,0,32,0,70,,4536,8,0,32,0,30,,4533,8,0,32,0,70,,4539,8,0,32,0,30,,2982,8,0,32,0,70,,4540,8,0,32,0,30,,2921,8,0,32,0,70,,4538,8,0,32,0,30,,4537,8,0,32,0,70,,2555,8,0,32,0,30,,2376,8,0,32,0,70,,4530,8,0,32,0,30,,2631,8,0,32,0
1001,'3',521,,4548,8,0,32,0,30,,2949,8,0,32,0,70,,4554,8,0,32,0,30,,4558,8,0,32,0,70,,4555,8,0,32,0,30,,108,8,0,32,0,70,,4546,8,0,32,0,30,,4549,8,0,32,0,70,,4550,8,0,32,0,30,,861,8,0,32,0,70,,2950,8,0,32,0,30,,3565,8,0,32,0,70,,4552,8,0,32,0,30,,4547,8,0,32,0,70,,2511,8,0,32,0,30,,3512,8,0,32,0,70,,2672,8,0,32,0,30,,4551,8,0,32,0,70,,2755,8,0,32,0,30,,3760,8,0,32,0,70,,2341,8,0,32,0,30,,3305,8,0,32,0,70,,4545,8,0,32,0,30,,2754,8,0,32,0,70,,2509,8,0,32,0,30,,1063,8,0,32,0,70,,3562,8,0,32,0,30,,4557,8,0,32,0,70,,4553,8,0,32,0,30,,4556,8,0,32,0
1001,'4',521,,4562,8,0,32,0,30,,2933,8,0,32,0,70,,4568,8,0,32,0,30,,4572,8,0,32,0,70,,4569,8,0,32,0,30,,71,8,0,32,0,70,,4560,8,0,32,0,30,,4563,8,0,32,0,70,,4564,8,0,32,0,30,,827,8,0,32,0,70,,2934,8,0,32,0,30,,3550,8,0,32,0,70,,4566,8,0,32,0,30,,4561,8,0,32,0,70,,2490,8,0,32,0,30,,3497,8,0,32,0,70,,2649,8,0,32,0,30,,4565,8,0,32,0,70,,2734,8,0,32,0,30,,3757,8,0,32,0,70,,2324,8,0,32,0,30,,3285,8,0,32,0,70,,4559,8,0,32,0,30,,2733,8,0,32,0,70,,2488,8,0,32,0,30,,1032,8,0,32,0,70,,3547,8,0,32,0,30,,4571,8,0,32,0,70,,4567,8,0,32,0,30,,4570,8,0,32,0
11101,'3',747,,5233,12,,,0
12001,'3',824,,3209,2,0,27 28,0
13501,'3',751,,5256,18,,,0
14000,'3',1552,,5261,2,0,24,0
14300,'3',1554,,5266,2,0,96 97 10 11 31 3 25 26,0
14400,'3',1602,,5268,9,0,98 25 107 99 32,0
