401,'1',516,,90,2,0,22 2 23 24,0,30,,696,20,0,22 2 23 24,0,70,,1049,20,0,22 2 23 24,0,30,,207,20,0,22 2 23 24,0,70,,218,20,0,22 2 23 24,0,30,,2869,20,0,22 2 23 24,0,70,,1466,20,0,22 2 23 24,0,30,,345,20,0,22 2 23 24,0,70,,1606,20,0,22 2 23 24,0,30,,2879,20,0,22 2 23 24,0,70,,2877,20,0,22 2 23 24,0,30,,2883,20,0,22 2 23 24,0,70,,2278,20,0,22 2 23 24,0,30,,85,20,0,22 2 23 24,0,70,,2880,20,0,22 2 23 24,0,30,,2876,20,0,22 2 23 24,0,70,,1947,20,0,22 2 23 24,0,30,,71,20,0,22 2 23 24,0,70,,2240,20,0,22 2 23 24,0,30,,2276,20,0,22 2 23 24,0,70,,2881,20,0,22 2 23 24,0,30,,2878,20,0,22 2 23 24,0,70,,2875,20,0,22 2 23 24,0,30,,2871,20,0,22 2 23 24,0,70,,1134,20,0,22 2 23 24,0,30,,2872,20,0,22 2 23 24,0,70,,2882,20,0,22 2 23 24,0,30,,937,20,0,22 2 23 24,0,70,,91,20,0,22 2 23 24,0,100,,2873,20,0,22 2 23 24,0,100,,2874,20,0,22 2 23 24,0,100,,1255,20,0,22 2 23 24,0,100,,1144,20,0,22 2 23 24,0
401,'2',516,,127,2,0,22 2 23 24,0,30,,730,20,0,22 2 23 24,0,70,,1080,20,0,22 2 23 24,0,30,,245,20,0,22 2 23 24,0,70,,256,20,0,22 2 23 24,0,30,,2884,20,0,22 2 23 24,0,70,,1499,20,0,22 2 23 24,0,30,,382,20,0,22 2 23 24,0,70,,1639,20,0,22 2 23 24,0,30,,2896,20,0,22 2 23 24,0,70,,2894,20,0,22 2 23 24,0,30,,2900,20,0,22 2 23 24,0,70,,2893,20,0,22 2 23 24,0,30,,122,20,0,22 2 23 24,0,70,,2897,20,0,22 2 23 24,0,30,,2892,20,0,22 2 23 24,0,70,,1970,20,0,22 2 23 24,0,30,,108,20,0,22 2 23 24,0,70,,2248,20,0,22 2 23 24,0,30,,2887,20,0,22 2 23 24,0,70,,2898,20,0,22 2 23 24,0,30,,2895,20,0,22 2 23 24,0,70,,2891,20,0,22 2 23 24,0,30,,2886,20,0,22 2 23 24,0,70,,1164,20,0,22 2 23 24,0,30,,2888,20,0,22 2 23 24,0,70,,2899,20,0,22 2 23 24,0,30,,971,20,0,22 2 23 24,0,70,,128,20,0,22 2 23 24,0,100,,2889,20,0,22 2 23 24,0,100,,2890,20,0,22 2 23 24,0,100,,1284,20,0,22 2 23 24,0,100,,1174,20,0,22 2 23 24,0
401,'3',846,,2909,20,0,22 2 23 24,0,100,,2908,20,0,22 2 23 24,0,100,,2907,20,0,22 2 23 24,0,100,,2904,20,0,22 2 23 24,0,100,,410,20,0,22 2 23 24,0,100,,1093,20,0,22 2 23 24,0,100,,2903,20,0,22 2 23 24,0,100,,2901,20,0,22 2 23 24,0,100,,2905,20,0,22 2 23 24,0,100,,2902,20,0,22 2 23 24,0,100,,2906,20,0,22 2 23 24,0
401,'4',516,,2921,2,0,22 2 23 24,0,30,,2926,20,0,22 2 23 24,0,70,,2911,20,0,22 2 23 24,0,30,,2917,20,0,22 2 23 24,0,70,,576,20,0,22 2 23 24,0,30,,2925,20,0,22 2 23 24,0,70,,325,20,0,22 2 23 24,0,30,,1435,20,0,22 2 23 24,0,70,,1013,20,0,22 2 23 24,0,30,,2922,20,0,22 2 23 24,0,70,,2927,20,0,22 2 23 24,0,30,,2920,20,0,22 2 23 24,0,70,,1546,20,0,22 2 23 24,0,30,,2928,20,0,22 2 23 24,0,70,,2918,20,0,22 2 23 24,0,30,,1308,20,0,22 2 23 24,0,70,,682,20,0,22 2 23 24,0,30,,914,20,0,22 2 23 24,0,70,,1662,20,0,22 2 23 24,0,30,,2916,20,0,22 2 23 24,0,70,,2923,20,0,22 2 23 24,0,30,,50,20,0,22 2 23 24,0,70,,2919,20,0,22 2 23 24,0,30,,2915,20,0,22 2 23 24,0,70,,2118,20,0,22 2 23 24,0,30,,1124,20,0,22 2 23 24,0,70,,2914,20,0,22 2 23 24,0,30,,2910,20,0,22 2 23 24,0,70,,2913,20,0,22 2 23 24,0,100,,1017,20,0,22 2 23 24,0,100,,1559,20,0,22 2 23 24,0,100,,680,20,0,22 2 23 24,0,100,,2912,20,0,22 2 23 24,0
1101,'1',515,,493,2,0,5 2 6 7,0,30,,3135,2,0,5 2 6 7,0,70,,3137,2,0,5 2 6 7,0,30,,3141,2,0,5 2 6 7,0,70,,231,2,0,5 2 6 7,0,30,,2128,2,0,5 2 6 7,0,70,,3143,2,0,5 2 6 7,0,30,,2199,2,0,5 2 6 7,0,70,,2238,2,0,5 2 6 7,0,30,,1353,2,0,5 2 6 7,0,70,,2288,2,0,5 2 6 7,0,30,,3136,2,0,5 2 6 7,0,70,,1258,2,0,5 2 6 7,0,30,,1690,2,0,5 2 6 7,0,70,,3144,2,0,5 2 6 7,0,30,,3132,2,0,5 2 6 7,0,70,,215,2,0,5 2 6 7,0,30,,3145,2,0,5 2 6 7,0,70,,940,2,0,5 2 6 7,0,30,,355,2,0,5 2 6 7,0,70,,1780,2,0,5 2 6 7,0,30,,3142,2,0,5 2 6 7,0,70,,3134,2,0,5 2 6 7,0,30,,3133,2,0,5 2 6 7,0,70,,3139,2,0,5 2 6 7,0,30,,1332,2,0,5 2 6 7,0,70,,1951,2,0,5 2 6 7,0,30,,3138,2,0,5 2 6 7,0,70,,3140,2,0,5 2 6 7,0
1101,'2',515,,529,2,0,5 2 6 7,0,30,,3150,2,0,5 2 6 7,0,70,,3152,2,0,5 2 6 7,0,30,,3156,2,0,5 2 6 7,0,70,,269,2,0,5 2 6 7,0,30,,2158,2,0,5 2 6 7,0,70,,3158,2,0,5 2 6 7,0,30,,2224,2,0,5 2 6 7,0,70,,2246,2,0,5 2 6 7,0,30,,1382,2,0,5 2 6 7,0,70,,3146,2,0,5 2 6 7,0,30,,3151,2,0,5 2 6 7,0,70,,1287,2,0,5 2 6 7,0,30,,1715,2,0,5 2 6 7,0,70,,3159,2,0,5 2 6 7,0,30,,3147,2,0,5 2 6 7,0,70,,253,2,0,5 2 6 7,0,30,,3160,2,0,5 2 6 7,0,70,,974,2,0,5 2 6 7,0,30,,392,2,0,5 2 6 7,0,70,,1805,2,0,5 2 6 7,0,30,,3157,2,0,5 2 6 7,0,70,,3149,2,0,5 2 6 7,0,30,,3148,2,0,5 2 6 7,0,70,,3154,2,0,5 2 6 7,0,30,,1361,2,0,5 2 6 7,0,70,,1974,2,0,5 2 6 7,0,30,,3153,2,0,5 2 6 7,0,70,,3155,2,0,5 2 6 7,0
1101,'3',815,,1519,2,0,5 2 6 7,0,100,,647,2,0,5 2 6 7,0,100,,3164,2,0,5 2 6 7,0,100,,3163,2,0,5 2 6 7,0,100,,3162,2,0,5 2 6 7,0,100,,3169,2,0,5 2 6 7,0,100,,3161,2,0,5 2 6 7,0,100,,542,2,0,5 2 6 7,0,100,,3166,2,0,5 2 6 7,0,100,,3168,2,0,5 2 6 7,0,100,,3167,2,0,5 2 6 7,0,100,,3165,2,0,5 2 6 7,0
1101,'4',515,,3174,2,0,5 2 6 7,0,30,,1916,2,0,5 2 6 7,0,70,,3176,2,0,5 2 6 7,0,30,,3177,2,0,5 2 6 7,0,70,,3171,2,0,5 2 6 7,0,30,,3182,2,0,5 2 6 7,0,70,,3187,2,0,5 2 6 7,0,30,,1103,2,0,5 2 6 7,0,70,,796,2,0,5 2 6 7,0,30,,3178,2,0,5 2 6 7,0,70,,3184,2,0,5 2 6 7,0,30,,3172,2,0,5 2 6 7,0,70,,2013,2,0,5 2 6 7,0,30,,3185,2,0,5 2 6 7,0,70,,1128,2,0,5 2 6 7,0,30,,1570,2,0,5 2 6 7,0,70,,3186,2,0,5 2 6 7,0,30,,3170,2,0,5 2 6 7,0,70,,1560,2,0,5 2 6 7,0,30,,3181,2,0,5 2 6 7,0,70,,2006,2,0,5 2 6 7,0,30,,3179,2,0,5 2 6 7,0,70,,1838,2,0,5 2 6 7,0,30,,3183,2,0,5 2 6 7,0,70,,3173,2,0,5 2 6 7,0,30,,1102,2,0,5 2 6 7,0,70,,3180,2,0,5 2 6 7,0,30,,3175,2,0,5 2 6 7,0,70,,557,2,0,5 2 6 7,0
14001,'1',815,,2123,2,0,25,0
15001,'1',746,,1153,2,,,0,70,,2312,2,,,0,30,,3792,2,,,0
