100,'1',828,,3805,16,4,,0,30,,2530,16,4,,0,70,,3813,16,4,,0,30,,3807,16,4,,0,70,,3799,16,4,,0,30,,3802,16,4,,0,70,,3816,16,4,,0,30,,3806,16,4,,0,70,,2906,16,4,,0,30,,3815,16,4,,0,70,,3801,16,4,,0,30,,3804,16,4,,0,70,,3809,16,4,,0,30,,3817,16,4,,0,70,,2448,16,4,,0,30,,3810,16,4,,0,70,,3800,16,4,,0,30,,3803,16,4,,0,70,,2450,16,4,,0,30,,3811,16,4,,0,70,,3808,16,4,,0,30,,3814,16,4,,0,70,,3812,16,4,,0
100,'2',528,,3823,16,4,,0,30,,2118,16,4,,0,70,,2636,16,4,,0,30,,3837,16,4,,0,70,,191,16,4,,0,30,,3836,16,4,,0,70,,3360,16,4,,0,30,,3819,16,4,,0,70,,3829,16,4,,0,30,,3820,16,4,,0,70,,1830,16,4,,0,30,,3840,16,4,,0,70,,909,16,4,,0,30,,3838,16,4,,0,70,,3834,16,4,,0,30,,3818,16,4,,0,70,,3825,16,4,,0,30,,3824,16,4,,0,70,,3822,16,4,,0,30,,3835,16,4,,0,70,,3833,16,4,,0,30,,3839,16,4,,0,70,,2795,16,4,,0,30,,3830,16,4,,0,70,,3828,16,4,,0,30,,3821,16,4,,0,70,,3826,16,4,,0,30,,3646,16,4,,0,70,,3842,16,4,,0,30,,1910,16,4,,0,70,,3827,16,4,,0,30,,3845,16,4,,0,70,,3832,16,4,,0,30,,3831,16,4,,0,70,,3841,16,4,,0,30,,3844,16,4,,0
100,'3',528,,3861,16,4,,0,30,,2520,16,4,,0,70,,3856,16,4,,0,30,,3862,16,4,,0,70,,3872,16,4,,0,30,,3866,16,4,,0,70,,3869,16,4,,0,30,,3848,16,4,,0,70,,3854,16,4,,0,30,,101,16,4,,0,70,,3846,16,4,,0,30,,3849,16,4,,0,70,,2429,16,4,,0,30,,3867,16,4,,0,70,,3851,16,4,,0,30,,3865,16,4,,0,70,,3852,16,4,,0,30,,3871,16,4,,0,70,,3855,16,4,,0,30,,3860,16,4,,0,70,,3859,16,4,,0,30,,1874,16,4,,0,70,,2963,16,4,,0,30,,3853,16,4,,0,70,,3870,16,4,,0,30,,848,16,4,,0,70,,3868,16,4,,0,30,,624,16,4,,0,70,,3864,16,4,,0,30,,3857,16,4,,0,70,,3847,16,4,,0,30,,3863,16,4,,0,70,,3850,16,4,,0,30,,970,16,4,,0,70,,866,16,4,,0,30,,3858,16,4,,0
100,'4',528,,3887,16,4,,0,30,,2499,16,4,,0,70,,3882,16,4,,0,30,,3888,16,4,,0,70,,3898,16,4,,0,30,,3892,16,4,,0,70,,3895,16,4,,0,30,,3875,16,4,,0,70,,3881,16,4,,0,30,,64,16,4,,0,70,,3873,16,4,,0,30,,3876,16,4,,0,70,,2283,16,4,,0,30,,3893,16,4,,0,70,,3878,16,4,,0,30,,3891,16,4,,0,70,,3879,16,4,,0,30,,3897,16,4,,0,70,,3782,16,4,,0,30,,3886,16,4,,0,70,,3885,16,4,,0,30,,1851,16,4,,0,70,,2272,16,4,,0,30,,3880,16,4,,0,70,,3896,16,4,,0,30,,814,16,4,,0,70,,3894,16,4,,0,30,,592,16,4,,0,70,,3890,16,4,,0,30,,3883,16,4,,0,70,,3874,16,4,,0,30,,3889,16,4,,0,70,,3877,16,4,,0,30,,936,16,4,,0,70,,832,16,4,,0,30,,3884,16,4,,0
201,'1',803,,2536,1,0,18,0,30,,4076,1,0,18,0,70,,4077,1,0,18,0,30,,4083,1,0,18,0,70,,4082,1,0,18,0,30,,4078,1,0,18,0,70,,2773,1,0,18,0,30,,4079,1,0,18,0,70,,4088,1,0,18,0,30,,4086,1,0,18,0,70,,4090,1,0,18,0,30,,2442,1,0,18,0,70,,4089,1,0,18,0,30,,4081,1,0,18,0,70,,4087,1,0,18,0,30,,4084,1,0,18,0,70,,4085,1,0,18,0,30,,3574,1,0,18,0,70,,2620,1,0,18,0,30,,4091,1,0,18,0,70,,4075,1,0,18,0,30,,4080,1,0,18,0,70,,4092,1,0,18,0,30,,4093,1,0,18,0
201,'2',503,,4110,1,0,18,0,30,,4112,1,0,18,0,70,,3711,1,0,18,0,30,,3532,1,0,18,0,70,,1013,1,0,18,0,30,,2466,1,0,18,0,70,,1827,1,0,18,0,30,,4099,1,0,18,0,70,,4107,1,0,18,0,30,,4116,1,0,18,0,70,,4106,1,0,18,0,30,,4115,1,0,18,0,70,,4109,1,0,18,0,30,,4113,1,0,18,0,70,,2793,1,0,18,0,30,,4102,1,0,18,0,70,,1744,1,0,18,0,30,,1670,1,0,18,0,70,,4108,1,0,18,0,30,,4104,1,0,18,0,70,,4114,1,0,18,0,30,,3704,1,0,18,0,70,,4101,1,0,18,0,30,,1124,1,0,18,0,70,,4100,1,0,18,0,30,,4095,1,0,18,0,70,,4097,1,0,18,0,30,,4094,1,0,18,0,70,,4098,1,0,18,0,30,,4105,1,0,18,0,70,,4118,1,0,18,0,30,,4117,1,0,18,0,70,,4103,1,0,18,0,30,,4096,1,0,18,0,70,,4111,1,0,18,0,30,,3127,1,0,18,0
201,'3',503,,4142,1,0,18,0,30,,3023,1,0,18,0,70,,4123,1,0,18,0,30,,4130,1,0,18,0,70,,2898,1,0,18,0,30,,4124,1,0,18,0,70,,4138,1,0,18,0,30,,1626,1,0,18,0,70,,252,1,0,18,0,30,,4134,1,0,18,0,70,,3507,1,0,18,0,30,,4132,1,0,18,0,70,,4137,1,0,18,0,30,,4136,1,0,18,0,70,,4143,1,0,18,0,30,,4135,1,0,18,0,70,,4120,1,0,18,0,30,,3564,1,0,18,0,70,,2504,1,0,18,0,30,,4141,1,0,18,0,70,,4139,1,0,18,0,30,,4131,1,0,18,0,70,,4140,1,0,18,0,30,,4119,1,0,18,0,70,,3619,1,0,18,0,30,,4133,1,0,18,0,70,,3753,1,0,18,0,30,,4128,1,0,18,0,70,,4129,1,0,18,0,30,,4127,1,0,18,0,70,,4125,1,0,18,0,30,,4122,1,0,18,0,70,,4126,1,0,18,0,30,,4121,1,0,18,0,70,,3016,1,0,18,0,30,,2513,1,0,18,0
201,'4',503,,4165,1,0,18,0,30,,3004,1,0,18,0,70,,4148,1,0,18,0,30,,4154,1,0,18,0,70,,2881,1,0,18,0,30,,3766,1,0,18,0,70,,4161,1,0,18,0,30,,1593,1,0,18,0,70,,214,1,0,18,0,30,,4158,1,0,18,0,70,,3493,1,0,18,0,30,,4156,1,0,18,0,70,,3777,1,0,18,0,30,,4160,1,0,18,0,70,,4166,1,0,18,0,30,,4159,1,0,18,0,70,,4145,1,0,18,0,30,,3549,1,0,18,0,70,,2483,1,0,18,0,30,,4164,1,0,18,0,70,,4162,1,0,18,0,30,,4155,1,0,18,0,70,,4163,1,0,18,0,30,,4144,1,0,18,0,70,,3601,1,0,18,0,30,,4157,1,0,18,0,70,,3736,1,0,18,0,30,,4152,1,0,18,0,70,,4153,1,0,18,0,30,,4151,1,0,18,0,70,,4149,1,0,18,0,30,,4147,1,0,18,0,70,,4150,1,0,18,0,30,,4146,1,0,18,0,70,,2997,1,0,18,0,30,,2492,1,0,18,0
1901,'3',630,,5226,1,,,0,19,,5226,24,4,,0,1,,3558,1,,,0,59,,3558,24,4,,0,11,,5225,1,,,0,19,,5225,24,4,,0,11,,5224,1,,,0,59,,5224,24,4,,0,726,,3754,1,,,0,19,,3754,24,4,,0,51,,5223,1,,,0,19,,5223,24,4,,0,11,,3632,1,,,0,19,,3632,24,4,,0,51,,5227,1,,,0,19,,5227,24,4,,0
1901,'4',630,,5230,1,,,0,19,,5230,24,4,,0,1,,3544,1,,,0,59,,3544,24,4,,0,11,,5229,1,,,0,19,,5229,24,4,,0,11,,5228,1,,,0,59,,5228,24,4,,0,726,,3737,1,,,0,19,,3737,24,4,,0,51,,3790,1,,,0,19,,3790,24,4,,0,11,,3614,1,,,0,19,,3614,24,4,,0,51,,5231,1,,,0,19,,5231,24,4,,0
13801,'3',735,,5259,1,,,0
14100,'3',1605,,526,9,,,0
