13001,'3',755,,5245,2,4,,0,70,,5246,2,4,,0
13100,'3',1524,,2948,1,,,0
13101,'3',805,,5247,16,4,,0
13200,'3',1524,,5248,1,0,33,0
13201,'3',805,,389,18,4,,0
13300,'3',1524,,5249,1,,,0
13301,'3',800,,5251,18,4,,0
13400,'3',1519,,845,1,,,0,5,,5252,1,,,0
13401,'3',800,,5253,15,4,,0,1,,5254,15,4,,0
13500,'3',1524,,5255,1,0,98 99 25 26 3 25 36,0
13501,'3',805,,5256,30,4,,0
13600,'3',1524,,2885,1,0,94 91 95 10 11 16 3 17,0
13601,'3',800,,2894,30,4,,0
13700,'3',1524,,2066,1,0,100 10 11 31 3 27 16,0
13701,'3',800,,5257,25,4,,0
13800,'3',1524,,5258,1,,,0
13801,'3',800,,5259,23,4,,0
13900,'3',1524,,5260,1,,,0
13901,'3',800,,237,24,4,,0
