1000,'1',522,,214,0,33,0,30,,2147,0,33,0,70,,2272,0,33,0,30,,2940,0,33,0,70,,2933,0,33,0,30,,1052,0,33,0,70,,2931,0,33,0,30,,2938,0,33,0,70,,2274,0,33,0,30,,2934,0,33,0,70,,2936,0,33,0,30,,2942,0,33,0,70,,1946,0,33,0,30,,2943,0,33,0,70,,2929,0,33,0,30,,2937,0,33,0,70,,227,0,33,0,30,,2930,0,33,0,70,,2939,0,33,0,30,,359,0,33,0,70,,2269,0,33,0,30,,824,0,33,0,70,,2944,0,33,0,30,,1574,0,33,0,70,,2255,0,33,0,30,,826,0,33,0,70,,2935,0,33,0,30,,2941,0,33,0,70,,687,0,33,0,30,,2932,0,33,0
1000,'2',522,,252,0,33,0,30,,2177,0,33,0,70,,2963,0,33,0,30,,2958,0,33,0,70,,2949,0,33,0,30,,1083,0,33,0,70,,2947,0,33,0,30,,2956,0,33,0,70,,2962,0,33,0,30,,2950,0,33,0,70,,2952,0,33,0,30,,2960,0,33,0,70,,1969,0,33,0,30,,2961,0,33,0,70,,2945,0,33,0,30,,2953,0,33,0,70,,265,0,33,0,30,,2946,0,33,0,70,,2957,0,33,0,30,,396,0,33,0,70,,2955,0,33,0,30,,858,0,33,0,70,,2964,0,33,0,30,,1607,0,33,0,70,,2954,0,33,0,30,,860,0,33,0,70,,2951,0,33,0,30,,2959,0,33,0,70,,721,0,33,0,30,,2948,0,33,0
1000,'3',822,,2971,0,33,0,100,,2969,0,33,0,100,,2968,0,33,0,100,,2966,0,33,0,100,,13,0,33,0,100,,1530,0,33,0,100,,2965,0,33,0,100,,2973,0,33,0,100,,2970,0,33,0,100,,23,0,33,0,100,,2972,0,33,0,100,,2967,0,33,0
1000,'4',522,,2987,0,33,0,30,,333,0,33,0,70,,2974,0,33,0,30,,2991,0,33,0,70,,1023,0,33,0,30,,2976,0,33,0,70,,2978,0,33,0,30,,1441,0,33,0,70,,1420,0,33,0,30,,2981,0,33,0,70,,2986,0,33,0,30,,1758,0,33,0,70,,2982,0,33,0,30,,2977,0,33,0,70,,318,0,33,0,30,,2988,0,33,0,70,,2989,0,33,0,30,,1663,0,33,0,70,,2980,0,33,0,30,,1206,0,33,0,70,,2984,0,33,0,30,,2975,0,33,0,70,,2979,0,33,0,30,,447,0,33,0,70,,1744,0,33,0,30,,2983,0,33,0,70,,2985,0,33,0,30,,319,0,33,0,70,,561,0,33,0,30,,1025,0,33,0
11100,'1',1457,,1478,,,0
12000,'1',1553,,3764,0,26 27 3 28 16,0
12100,'1',1548,,3766,0,28 29,0
13500,'1',1528,,3778,0,78 79 26 27 3 26 37,0
13700,'1',1528,,1456,0,80 10 11 32 3 28 16,0
14001,'1',817,,2123,0,25,0
15001,'1',748,,1153,,,0,70,,2312,,,0,30,,3792,,,0
