201,'1',823,,2536,25,0,18,0,30,,4076,25,0,18,0,70,,4077,25,0,18,0,30,,4083,25,0,18,0,70,,4082,25,0,18,0,30,,4078,25,0,18,0,70,,2773,25,0,18,0,30,,4079,25,0,18,0,70,,4088,25,0,18,0,30,,4086,25,0,18,0,70,,4090,25,0,18,0,30,,2442,25,0,18,0,70,,4089,25,0,18,0,30,,4081,25,0,18,0,70,,4087,25,0,18,0,30,,4084,25,0,18,0,70,,4085,25,0,18,0,30,,3574,25,0,18,0,70,,2620,25,0,18,0,30,,4091,25,0,18,0,70,,4075,25,0,18,0,30,,4080,25,0,18,0,70,,4092,25,0,18,0,30,,4093,25,0,18,0
201,'2',523,,4110,25,0,18,0,30,,4112,25,0,18,0,70,,3711,25,0,18,0,30,,3532,25,0,18,0,70,,1013,25,0,18,0,30,,2466,25,0,18,0,70,,1827,25,0,18,0,30,,4099,25,0,18,0,70,,4107,25,0,18,0,30,,4116,25,0,18,0,70,,4106,25,0,18,0,30,,4115,25,0,18,0,70,,4109,25,0,18,0,30,,4113,25,0,18,0,70,,2793,25,0,18,0,30,,4102,25,0,18,0,70,,1744,25,0,18,0,30,,1670,25,0,18,0,70,,4108,25,0,18,0,30,,4104,25,0,18,0,70,,4114,25,0,18,0,30,,3704,25,0,18,0,70,,4101,25,0,18,0,30,,1124,25,0,18,0,70,,4100,25,0,18,0,30,,4095,25,0,18,0,70,,4097,25,0,18,0,30,,4094,25,0,18,0,70,,4098,25,0,18,0,30,,4105,25,0,18,0,70,,4118,25,0,18,0,30,,4117,25,0,18,0,70,,4103,25,0,18,0,30,,4096,25,0,18,0,70,,4111,25,0,18,0,30,,3127,25,0,18,0
201,'3',523,,4142,25,0,18,0,30,,3023,25,0,18,0,70,,4123,25,0,18,0,30,,4130,25,0,18,0,70,,2898,25,0,18,0,30,,4124,25,0,18,0,70,,4138,25,0,18,0,30,,1626,25,0,18,0,70,,252,25,0,18,0,30,,4134,25,0,18,0,70,,3507,25,0,18,0,30,,4132,25,0,18,0,70,,4137,25,0,18,0,30,,4136,25,0,18,0,70,,4143,25,0,18,0,30,,4135,25,0,18,0,70,,4120,25,0,18,0,30,,3564,25,0,18,0,70,,2504,25,0,18,0,30,,4141,25,0,18,0,70,,4139,25,0,18,0,30,,4131,25,0,18,0,70,,4140,25,0,18,0,30,,4119,25,0,18,0,70,,3619,25,0,18,0,30,,4133,25,0,18,0,70,,3753,25,0,18,0,30,,4128,25,0,18,0,70,,4129,25,0,18,0,30,,4127,25,0,18,0,70,,4125,25,0,18,0,30,,4122,25,0,18,0,70,,4126,25,0,18,0,30,,4121,25,0,18,0,70,,3016,25,0,18,0,30,,2513,25,0,18,0
201,'4',523,,4165,25,0,18,0,30,,3004,25,0,18,0,70,,4148,25,0,18,0,30,,4154,25,0,18,0,70,,2881,25,0,18,0,30,,3766,25,0,18,0,70,,4161,25,0,18,0,30,,1593,25,0,18,0,70,,214,25,0,18,0,30,,4158,25,0,18,0,70,,3493,25,0,18,0,30,,4156,25,0,18,0,70,,3777,25,0,18,0,30,,4160,25,0,18,0,70,,4166,25,0,18,0,30,,4159,25,0,18,0,70,,4145,25,0,18,0,30,,3549,25,0,18,0,70,,2483,25,0,18,0,30,,4164,25,0,18,0,70,,4162,25,0,18,0,30,,4155,25,0,18,0,70,,4163,25,0,18,0,30,,4144,25,0,18,0,70,,3601,25,0,18,0,30,,4157,25,0,18,0,70,,3736,25,0,18,0,30,,4152,25,0,18,0,70,,4153,25,0,18,0,30,,4151,25,0,18,0,70,,4149,25,0,18,0,30,,4147,25,0,18,0,70,,4150,25,0,18,0,30,,4146,25,0,18,0,70,,2997,25,0,18,0,30,,2492,25,0,18,0
1001,'1',854,,4524,10,0,32,0,100,,4517,10,0,32,0,100,,4527,10,0,32,0,100,,4526,10,0,32,0,100,,4525,10,0,32,0,100,,4522,10,0,32,0,100,,4520,10,0,32,0,100,,4523,10,0,32,0,100,,4518,10,0,32,0,100,,4519,10,0,32,0,100,,2843,10,0,32,0,100,,4521,10,0,32,0
1001,'2',524,,4528,10,0,32,0,30,,4532,10,0,32,0,70,,2013,10,0,32,0,30,,2567,10,0,32,0,70,,4544,10,0,32,0,30,,4531,10,0,32,0,70,,2782,10,0,32,0,30,,4541,10,0,32,0,70,,4534,10,0,32,0,30,,4542,10,0,32,0,70,,1658,10,0,32,0,30,,4543,10,0,32,0,70,,3642,10,0,32,0,30,,794,10,0,32,0,70,,4535,10,0,32,0,30,,4529,10,0,32,0,70,,1106,10,0,32,0,30,,2914,10,0,32,0,70,,4536,10,0,32,0,30,,4533,10,0,32,0,70,,4539,10,0,32,0,30,,2982,10,0,32,0,70,,4540,10,0,32,0,30,,2921,10,0,32,0,70,,4538,10,0,32,0,30,,4537,10,0,32,0,70,,2555,10,0,32,0,30,,2376,10,0,32,0,70,,4530,10,0,32,0,30,,2631,10,0,32,0
1001,'3',524,,4548,10,0,32,0,30,,2949,10,0,32,0,70,,4554,10,0,32,0,30,,4558,10,0,32,0,70,,4555,10,0,32,0,30,,108,10,0,32,0,70,,4546,10,0,32,0,30,,4549,10,0,32,0,70,,4550,10,0,32,0,30,,861,10,0,32,0,70,,2950,10,0,32,0,30,,3565,10,0,32,0,70,,4552,10,0,32,0,30,,4547,10,0,32,0,70,,2511,10,0,32,0,30,,3512,10,0,32,0,70,,2672,10,0,32,0,30,,4551,10,0,32,0,70,,2755,10,0,32,0,30,,3760,10,0,32,0,70,,2341,10,0,32,0,30,,3305,10,0,32,0,70,,4545,10,0,32,0,30,,2754,10,0,32,0,70,,2509,10,0,32,0,30,,1063,10,0,32,0,70,,3562,10,0,32,0,30,,4557,10,0,32,0,70,,4553,10,0,32,0,30,,4556,10,0,32,0
1001,'4',524,,4562,10,0,32,0,30,,2933,10,0,32,0,70,,4568,10,0,32,0,30,,4572,10,0,32,0,70,,4569,10,0,32,0,30,,71,10,0,32,0,70,,4560,10,0,32,0,30,,4563,10,0,32,0,70,,4564,10,0,32,0,30,,827,10,0,32,0,70,,2934,10,0,32,0,30,,3550,10,0,32,0,70,,4566,10,0,32,0,30,,4561,10,0,32,0,70,,2490,10,0,32,0,30,,3497,10,0,32,0,70,,2649,10,0,32,0,30,,4565,10,0,32,0,70,,2734,10,0,32,0,30,,3757,10,0,32,0,70,,2324,10,0,32,0,30,,3285,10,0,32,0,70,,4559,10,0,32,0,30,,2733,10,0,32,0,70,,2488,10,0,32,0,30,,1032,10,0,32,0,70,,3547,10,0,32,0,30,,4571,10,0,32,0,70,,4567,10,0,32,0,30,,4570,10,0,32,0
11101,'3',748,,5233,14,,,0
12001,'3',828,,3209,4,0,27 28,0
13501,'3',752,,5256,20,,,0
14000,'3',1555,,5261,4,0,24,0
14300,'3',1558,,5266,4,0,96 97 10 11 31 3 25 26,0
