400,'1',548,,1860,30,0,22 2 23 24,0,70,,2284,30,0,22 2 23 24,0,30,,2804,30,0,22 2 23 24,0,70,,75,30,0,22 2 23 24,0,30,,2806,30,0,22 2 23 24,0,70,,2265,30,0,22 2 23 24,0,30,,2286,30,0,22 2 23 24,0,70,,589,30,0,22 2 23 24,0,30,,86,30,0,22 2 23 24,0,70,,2798,30,0,22 2 23 24,0,30,,2801,30,0,22 2 23 24,0,70,,1135,30,0,22 2 23 24,0,30,,2813,30,0,22 2 23 24,0,70,,2807,30,0,22 2 23 24,0,30,,2802,30,0,22 2 23 24,0,70,,2808,30,0,22 2 23 24,0,30,,592,30,0,22 2 23 24,0,70,,209,30,0,22 2 23 24,0,30,,2799,30,0,22 2 23 24,0,70,,2811,30,0,22 2 23 24,0,30,,77,30,0,22 2 23 24,0,70,,1356,30,0,22 2 23 24,0,30,,2805,30,0,22 2 23 24,0,70,,1779,30,0,22 2 23 24,0,30,,1038,30,0,22 2 23 24,0,70,,1148,30,0,22 2 23 24,0,30,,583,30,0,22 2 23 24,0,70,,2814,30,0,22 2 23 24,0,30,,1463,30,0,22 2 23 24,0,70,,2809,30,0,22 2 23 24,0,100,,2803,30,0,22 2 23 24,0,100,,2800,30,0,22 2 23 24,0,100,,2810,30,0,22 2 23 24,0
400,'2',548,,1883,30,0,22 2 23 24,0,70,,2826,30,0,22 2 23 24,0,30,,2822,30,0,22 2 23 24,0,70,,112,30,0,22 2 23 24,0,30,,2824,30,0,22 2 23 24,0,70,,2828,30,0,22 2 23 24,0,30,,2820,30,0,22 2 23 24,0,70,,621,30,0,22 2 23 24,0,30,,123,30,0,22 2 23 24,0,70,,2815,30,0,22 2 23 24,0,30,,2818,30,0,22 2 23 24,0,70,,1165,30,0,22 2 23 24,0,30,,2833,30,0,22 2 23 24,0,70,,2825,30,0,22 2 23 24,0,30,,2819,30,0,22 2 23 24,0,70,,2827,30,0,22 2 23 24,0,30,,624,30,0,22 2 23 24,0,70,,247,30,0,22 2 23 24,0,30,,2816,30,0,22 2 23 24,0,70,,2831,30,0,22 2 23 24,0,30,,114,30,0,22 2 23 24,0,70,,1385,30,0,22 2 23 24,0,30,,2823,30,0,22 2 23 24,0,70,,1804,30,0,22 2 23 24,0,30,,1069,30,0,22 2 23 24,0,70,,1178,30,0,22 2 23 24,0,30,,615,30,0,22 2 23 24,0,70,,2834,30,0,22 2 23 24,0,30,,1496,30,0,22 2 23 24,0,70,,2829,30,0,22 2 23 24,0,100,,2821,30,0,22 2 23 24,0,100,,2817,30,0,22 2 23 24,0,100,,2830,30,0,22 2 23 24,0
400,'3',848,,2839,30,0,22 2 23 24,0,100,,2842,30,0,22 2 23 24,0,100,,2844,30,0,22 2 23 24,0,100,,2835,30,0,22 2 23 24,0,100,,2837,30,0,22 2 23 24,0,100,,1981,30,0,22 2 23 24,0,100,,2841,30,0,22 2 23 24,0,100,,2838,30,0,22 2 23 24,0,100,,2840,30,0,22 2 23 24,0,100,,293,30,0,22 2 23 24,0,100,,2836,30,0,22 2 23 24,0,100,,283,30,0,22 2 23 24,0
400,'4',548,,883,30,0,22 2 23 24,0,70,,2865,30,0,22 2 23 24,0,30,,2850,30,0,22 2 23 24,0,70,,1302,30,0,22 2 23 24,0,30,,1922,30,0,22 2 23 24,0,70,,2860,30,0,22 2 23 24,0,30,,2848,30,0,22 2 23 24,0,70,,2866,30,0,22 2 23 24,0,30,,2859,30,0,22 2 23 24,0,70,,2849,30,0,22 2 23 24,0,30,,2852,30,0,22 2 23 24,0,70,,2845,30,0,22 2 23 24,0,30,,2857,30,0,22 2 23 24,0,70,,1109,30,0,22 2 23 24,0,30,,1007,30,0,22 2 23 24,0,70,,2854,30,0,22 2 23 24,0,30,,2855,30,0,22 2 23 24,0,70,,1223,30,0,22 2 23 24,0,30,,1106,30,0,22 2 23 24,0,70,,2858,30,0,22 2 23 24,0,30,,2847,30,0,22 2 23 24,0,70,,2868,30,0,22 2 23 24,0,30,,2862,30,0,22 2 23 24,0,70,,1998,30,0,22 2 23 24,0,30,,2864,30,0,22 2 23 24,0,70,,2856,30,0,22 2 23 24,0,30,,890,30,0,22 2 23 24,0,70,,2867,30,0,22 2 23 24,0,30,,2863,30,0,22 2 23 24,0,70,,1996,30,0,22 2 23 24,0,100,,2861,30,0,22 2 23 24,0,100,,2846,30,0,22 2 23 24,0,100,,2853,30,0,22 2 23 24,0
12000,'1',1545,,3764,1,0,26 27 3 28 16,0
12001,'1',845,,3765,16,4,,0
12100,'1',1545,,3766,1,0,28 29,0
12101,'1',845,,3767,18,4,,0
12200,'1',1545,,204,1,,,0
12201,'1',845,,474,18,4,,0
12300,'1',1545,,3768,1,0,71 72 10 11 73 13,0
12301,'1',845,,3769,23,4,,0
14300,'1',1620,,2046,24,4,,0
