1500,'1',542,,2142,4,,0,70,,1451,4,,0,30,,3497,4,,0,70,,3494,4,,0,30,,3501,4,,0,70,,710,4,,0,30,,3500,4,,0,70,,3503,4,,0,30,,3502,4,,0,100,,1152,4,,0,100,,1149,4,,0,100,,3498,4,,0,100,,924,4,,0,100,,3495,4,,0,70,,3493,4,,0,30,,1142,4,,0,70,,3499,4,,0,30,,1043,4,,0,70,,3490,4,,0,30,,3496,4,,0,70,,3492,4,,0,30,,2293,4,,0,100,,3491,4,,0
1500,'2',542,,2172,4,,0,70,,1484,4,,0,30,,3512,4,,0,70,,3508,4,,0,30,,3516,4,,0,70,,744,4,,0,30,,3515,4,,0,70,,3518,4,,0,30,,3517,4,,0,100,,1182,4,,0,100,,1179,4,,0,100,,3513,4,,0,100,,958,4,,0,100,,3509,4,,0,70,,3507,4,,0,30,,1172,4,,0,70,,3514,4,,0,30,,1074,4,,0,70,,3504,4,,0,30,,3511,4,,0,70,,3506,4,,0,30,,3510,4,,0,100,,3505,4,,0
1500,'3',842,,3526,4,,0,100,,3527,4,,0,100,,3520,4,,0,100,,3522,4,,0,100,,286,4,,0,100,,1516,4,,0,100,,3524,4,,0,100,,3519,4,,0,100,,3521,4,,0,100,,3525,4,,0,100,,278,4,,0,100,,3523,4,,0
1500,'4',542,,3540,4,,0,70,,3528,4,,0,30,,3533,4,,0,70,,306,4,,0,30,,574,4,,0,70,,3539,4,,0,30,,3538,4,,0,70,,662,4,,0,30,,3534,4,,0,100,,1571,4,,0,100,,3542,4,,0,100,,3529,4,,0,100,,3537,4,,0,100,,3530,4,,0,70,,3531,4,,0,30,,788,4,,0,70,,3532,4,,0,30,,3536,4,,0,70,,3541,4,,0,30,,1430,4,,0,70,,1845,4,,0,30,,3535,4,,0,100,,1208,4,,0
1501,'1',542,,3547,0,39 2 40,0,70,,3549,0,39 2 40,0,30,,488,0,39 2 40,0,70,,198,0,39 2 40,0,30,,482,0,39 2 40,0,70,,3546,0,39 2 40,0,30,,477,0,39 2 40,0,70,,2268,0,39 2 40,0,30,,3543,0,39 2 40,0,100,,3544,0,39 2 40,0,100,,3550,0,39 2 40,0,100,,3548,0,39 2 40,0,100,,3545,0,39 2 40,0,100,,3554,0,39 2 40,0,70,,3552,0,39 2 40,0,30,,3553,0,39 2 40,0,70,,1677,0,39 2 40,0,30,,1867,0,39 2 40,0,70,,1855,0,39 2 40,0,30,,3551,0,39 2 40,0,70,,3555,0,39 2 40,0,30,,3556,0,39 2 40,0,100,,2143,0,39 2 40,0
1501,'2',542,,3562,0,39 2 40,0,70,,3564,0,39 2 40,0,30,,524,0,39 2 40,0,70,,236,0,39 2 40,0,30,,518,0,39 2 40,0,70,,3561,0,39 2 40,0,30,,513,0,39 2 40,0,70,,3559,0,39 2 40,0,30,,3557,0,39 2 40,0,100,,3558,0,39 2 40,0,100,,3565,0,39 2 40,0,100,,3563,0,39 2 40,0,100,,3560,0,39 2 40,0,100,,3569,0,39 2 40,0,70,,3567,0,39 2 40,0,30,,3568,0,39 2 40,0,70,,1702,0,39 2 40,0,30,,1890,0,39 2 40,0,70,,1878,0,39 2 40,0,30,,3566,0,39 2 40,0,70,,3570,0,39 2 40,0,30,,3571,0,39 2 40,0,100,,2173,0,39 2 40,0
1501,'3',842,,3578,0,39 2 40,0,100,,1395,0,39 2 40,0,100,,3572,0,39 2 40,0,100,,3573,0,39 2 40,0,100,,3576,0,39 2 40,0,100,,1538,0,39 2 40,0,100,,3574,0,39 2 40,0,100,,3575,0,39 2 40,0,100,,3577,0,39 2 40,0,100,,1517,0,39 2 40,0,100,,3579,0,39 2 40,0,100,,1398,0,39 2 40,0
1501,'4',542,,3587,0,39 2 40,0,70,,3590,0,39 2 40,0,30,,3581,0,39 2 40,0,70,,3584,0,39 2 40,0,30,,573,0,39 2 40,0,70,,1929,0,39 2 40,0,30,,3593,0,39 2 40,0,70,,3580,0,39 2 40,0,30,,1321,0,39 2 40,0,100,,3582,0,39 2 40,0,100,,3583,0,39 2 40,0,100,,314,0,39 2 40,0,100,,678,0,39 2 40,0,100,,3596,0,39 2 40,0,70,,3594,0,39 2 40,0,30,,3585,0,39 2 40,0,70,,3586,0,39 2 40,0,30,,3591,0,39 2 40,0,70,,3595,0,39 2 40,0,30,,3592,0,39 2 40,0,70,,177,0,39 2 40,0,30,,3588,0,39 2 40,0,100,,3589,0,39 2 40,0
13400,'1',1529,,1338,,,0,6,,479,,,0
13401,'1',740,,3777,,,0,1,,3776,,,0
14200,'1',1611,,3788,0,51 83 84 54 3 39,0
