201,'1',824,,2536,26,0,18,0,30,,4076,26,0,18,0,70,,4077,26,0,18,0,30,,4083,26,0,18,0,70,,4082,26,0,18,0,30,,4078,26,0,18,0,70,,2773,26,0,18,0,30,,4079,26,0,18,0,70,,4088,26,0,18,0,30,,4086,26,0,18,0,70,,4090,26,0,18,0,30,,2442,26,0,18,0,70,,4089,26,0,18,0,30,,4081,26,0,18,0,70,,4087,26,0,18,0,30,,4084,26,0,18,0,70,,4085,26,0,18,0,30,,3574,26,0,18,0,70,,2620,26,0,18,0,30,,4091,26,0,18,0,70,,4075,26,0,18,0,30,,4080,26,0,18,0,70,,4092,26,0,18,0,30,,4093,26,0,18,0
201,'2',524,,4110,26,0,18,0,30,,4112,26,0,18,0,70,,3711,26,0,18,0,30,,3532,26,0,18,0,70,,1013,26,0,18,0,30,,2466,26,0,18,0,70,,1827,26,0,18,0,30,,4099,26,0,18,0,70,,4107,26,0,18,0,30,,4116,26,0,18,0,70,,4106,26,0,18,0,30,,4115,26,0,18,0,70,,4109,26,0,18,0,30,,4113,26,0,18,0,70,,2793,26,0,18,0,30,,4102,26,0,18,0,70,,1744,26,0,18,0,30,,1670,26,0,18,0,70,,4108,26,0,18,0,30,,4104,26,0,18,0,70,,4114,26,0,18,0,30,,3704,26,0,18,0,70,,4101,26,0,18,0,30,,1124,26,0,18,0,70,,4100,26,0,18,0,30,,4095,26,0,18,0,70,,4097,26,0,18,0,30,,4094,26,0,18,0,70,,4098,26,0,18,0,30,,4105,26,0,18,0,70,,4118,26,0,18,0,30,,4117,26,0,18,0,70,,4103,26,0,18,0,30,,4096,26,0,18,0,70,,4111,26,0,18,0,30,,3127,26,0,18,0
201,'3',524,,4142,26,0,18,0,30,,3023,26,0,18,0,70,,4123,26,0,18,0,30,,4130,26,0,18,0,70,,2898,26,0,18,0,30,,4124,26,0,18,0,70,,4138,26,0,18,0,30,,1626,26,0,18,0,70,,252,26,0,18,0,30,,4134,26,0,18,0,70,,3507,26,0,18,0,30,,4132,26,0,18,0,70,,4137,26,0,18,0,30,,4136,26,0,18,0,70,,4143,26,0,18,0,30,,4135,26,0,18,0,70,,4120,26,0,18,0,30,,3564,26,0,18,0,70,,2504,26,0,18,0,30,,4141,26,0,18,0,70,,4139,26,0,18,0,30,,4131,26,0,18,0,70,,4140,26,0,18,0,30,,4119,26,0,18,0,70,,3619,26,0,18,0,30,,4133,26,0,18,0,70,,3753,26,0,18,0,30,,4128,26,0,18,0,70,,4129,26,0,18,0,30,,4127,26,0,18,0,70,,4125,26,0,18,0,30,,4122,26,0,18,0,70,,4126,26,0,18,0,30,,4121,26,0,18,0,70,,3016,26,0,18,0,30,,2513,26,0,18,0
201,'4',524,,4165,26,0,18,0,30,,3004,26,0,18,0,70,,4148,26,0,18,0,30,,4154,26,0,18,0,70,,2881,26,0,18,0,30,,3766,26,0,18,0,70,,4161,26,0,18,0,30,,1593,26,0,18,0,70,,214,26,0,18,0,30,,4158,26,0,18,0,70,,3493,26,0,18,0,30,,4156,26,0,18,0,70,,3777,26,0,18,0,30,,4160,26,0,18,0,70,,4166,26,0,18,0,30,,4159,26,0,18,0,70,,4145,26,0,18,0,30,,3549,26,0,18,0,70,,2483,26,0,18,0,30,,4164,26,0,18,0,70,,4162,26,0,18,0,30,,4155,26,0,18,0,70,,4163,26,0,18,0,30,,4144,26,0,18,0,70,,3601,26,0,18,0,30,,4157,26,0,18,0,70,,3736,26,0,18,0,30,,4152,26,0,18,0,70,,4153,26,0,18,0,30,,4151,26,0,18,0,70,,4149,26,0,18,0,30,,4147,26,0,18,0,70,,4150,26,0,18,0,30,,4146,26,0,18,0,70,,2997,26,0,18,0,30,,2492,26,0,18,0
1000,'1',829,,4448,14,0,32,0,100,,3577,14,0,32,0,100,,4446,14,0,32,0,100,,4444,14,0,32,0,100,,4451,14,0,32,0,100,,4449,14,0,32,0,100,,4445,14,0,32,0,100,,4453,14,0,32,0,100,,2457,14,0,32,0,100,,4447,14,0,32,0,100,,4452,14,0,32,0,100,,4450,14,0,32,0
1000,'2',529,,4468,14,0,32,0,30,,4463,14,0,32,0,70,,2381,14,0,32,0,30,,4465,14,0,32,0,70,,1753,14,0,32,0,30,,1007,14,0,32,0,70,,4454,14,0,32,0,30,,899,14,0,32,0,70,,4473,14,0,32,0,30,,3128,14,0,32,0,70,,4456,14,0,32,0,30,,1996,14,0,32,0,70,,4462,14,0,32,0,30,,4459,14,0,32,0,70,,2459,14,0,32,0,30,,4458,14,0,32,0,70,,4457,14,0,32,0,30,,4471,14,0,32,0,70,,4464,14,0,32,0,30,,2646,14,0,32,0,70,,4455,14,0,32,0,30,,4460,14,0,32,0,70,,195,14,0,32,0,30,,4467,14,0,32,0,70,,4469,14,0,32,0,30,,3270,14,0,32,0,70,,4461,14,0,32,0,30,,4472,14,0,32,0,70,,4466,14,0,32,0,30,,448,14,0,32,0
1000,'3',529,,4491,14,0,32,0,30,,2764,14,0,32,0,70,,4495,14,0,32,0,30,,4488,14,0,32,0,70,,4483,14,0,32,0,30,,4480,14,0,32,0,70,,3029,14,0,32,0,30,,4475,14,0,32,0,70,,4485,14,0,32,0,30,,4478,14,0,32,0,70,,4489,14,0,32,0,30,,3097,14,0,32,0,70,,4481,14,0,32,0,30,,4484,14,0,32,0,70,,4487,14,0,32,0,30,,2055,14,0,32,0,70,,4476,14,0,32,0,30,,3159,14,0,32,0,70,,2591,14,0,32,0,30,,4479,14,0,32,0,70,,4492,14,0,32,0,30,,4493,14,0,32,0,70,,4477,14,0,32,0,30,,1066,14,0,32,0,70,,4490,14,0,32,0,30,,3210,14,0,32,0,70,,4482,14,0,32,0,30,,4474,14,0,32,0,70,,383,14,0,32,0,30,,4486,14,0,32,0
1000,'4',529,,4513,14,0,32,0,30,,2743,14,0,32,0,70,,4516,14,0,32,0,30,,4510,14,0,32,0,70,,4505,14,0,32,0,30,,4502,14,0,32,0,70,,3009,14,0,32,0,30,,4497,14,0,32,0,70,,4507,14,0,32,0,30,,4500,14,0,32,0,70,,4511,14,0,32,0,30,,3077,14,0,32,0,70,,4503,14,0,32,0,30,,4506,14,0,32,0,70,,4509,14,0,32,0,30,,2025,14,0,32,0,70,,4498,14,0,32,0,30,,3144,14,0,32,0,70,,2574,14,0,32,0,30,,4501,14,0,32,0,70,,4514,14,0,32,0,30,,4515,14,0,32,0,70,,4499,14,0,32,0,30,,1035,14,0,32,0,70,,4512,14,0,32,0,30,,2309,14,0,32,0,70,,4504,14,0,32,0,30,,4496,14,0,32,0,70,,346,14,0,32,0,30,,4508,14,0,32,0
11101,'3',749,,5233,15,,,0
12000,'3',1607,,5236,11,0,25 26 3 27 16,0
14000,'3',1556,,5261,5,0,24,0
