201,'1',537,,1032,0,18,0,70,,2575,0,18,0,30,,351,0,18,0,70,,2582,0,18,0,30,,814,0,18,0,70,,2572,0,18,0,30,,2190,0,18,0,70,,2578,0,18,0,30,,1159,0,18,0,70,,2581,0,18,0,30,,2586,0,18,0,70,,1249,0,18,0,30,,2576,0,18,0,70,,87,0,18,0,30,,2570,0,18,0,70,,1787,0,18,0,30,,715,0,18,0,70,,232,0,18,0,30,,1130,0,18,0,70,,2571,0,18,0,30,,1457,0,18,0,70,,811,0,18,0,30,,2583,0,18,0,70,,2574,0,18,0,30,,2577,0,18,0,70,,1331,0,18,0,30,,93,0,18,0,70,,1347,0,18,0,30,,2579,0,18,0,70,,2132,0,18,0,30,,2580,0,18,0,70,,501,0,18,0,30,,2573,0,18,0,70,,2585,0,18,0,30,,2584,0,18,0,70,,1132,0,18,0
201,'2',537,,1063,0,18,0,70,,2592,0,18,0,30,,388,0,18,0,70,,2599,0,18,0,30,,848,0,18,0,70,,2589,0,18,0,30,,2215,0,18,0,70,,2595,0,18,0,30,,1189,0,18,0,70,,2598,0,18,0,30,,2603,0,18,0,70,,1278,0,18,0,30,,2593,0,18,0,70,,124,0,18,0,30,,2587,0,18,0,70,,1812,0,18,0,30,,749,0,18,0,70,,270,0,18,0,30,,1160,0,18,0,70,,2588,0,18,0,30,,1490,0,18,0,70,,845,0,18,0,30,,2600,0,18,0,70,,2591,0,18,0,30,,2594,0,18,0,70,,1360,0,18,0,30,,130,0,18,0,70,,1376,0,18,0,30,,2596,0,18,0,70,,2162,0,18,0,30,,2597,0,18,0,70,,537,0,18,0,30,,2590,0,18,0,70,,2602,0,18,0,30,,2601,0,18,0,70,,1162,0,18,0
201,'3',837,,2611,0,18,0,70,,2607,0,18,0,30,,2620,0,18,0,70,,2625,0,18,0,30,,2606,0,18,0,70,,2619,0,18,0,30,,655,0,18,0,70,,2613,0,18,0,30,,2617,0,18,0,70,,2604,0,18,0,30,,2618,0,18,0,70,,2609,0,18,0,30,,2608,0,18,0,70,,2624,0,18,0,30,,2621,0,18,0,70,,2622,0,18,0,30,,762,0,18,0,70,,2605,0,18,0,30,,2610,0,18,0,70,,2615,0,18,0,30,,2612,0,18,0,70,,2614,0,18,0,30,,2623,0,18,0,70,,2616,0,18,0
201,'4',537,,2646,0,18,0,70,,2637,0,18,0,30,,2632,0,18,0,70,,1753,0,18,0,30,,1989,0,18,0,70,,2636,0,18,0,30,,436,0,18,0,70,,2631,0,18,0,30,,2627,0,18,0,70,,2638,0,18,0,30,,2626,0,18,0,70,,2633,0,18,0,30,,195,0,18,0,70,,2629,0,18,0,30,,2645,0,18,0,70,,1914,0,18,0,30,,2630,0,18,0,70,,2635,0,18,0,30,,2643,0,18,0,70,,2644,0,18,0,30,,1843,0,18,0,70,,2648,0,18,0,30,,888,0,18,0,70,,909,0,18,0,30,,571,0,18,0,70,,43,0,18,0,30,,2628,0,18,0,70,,2641,0,18,0,30,,2642,0,18,0,70,,1209,0,18,0,30,,2634,0,18,0,70,,2639,0,18,0,30,,787,0,18,0,70,,1837,0,18,0,30,,2647,0,18,0,70,,2640,0,18,0
301,'1',535,,1259,0,67 2 66,0,70,,487,0,67 2 66,0,30,,2729,0,67 2 66,0,70,,941,0,67 2 66,0,30,,2746,0,67 2 66,0,70,,2730,0,67 2 66,0,30,,2741,0,67 2 66,0,70,,2745,0,67 2 66,0,30,,2742,0,67 2 66,0,70,,2734,0,67 2 66,0,30,,2277,0,67 2 66,0,70,,2733,0,67 2 66,0,30,,2738,0,67 2 66,0,70,,2747,0,67 2 66,0,30,,817,0,67 2 66,0,70,,2737,0,67 2 66,0,30,,704,0,67 2 66,0,70,,2739,0,67 2 66,0,30,,2732,0,67 2 66,0,70,,2736,0,67 2 66,0,30,,2740,0,67 2 66,0,70,,2744,0,67 2 66,0,30,,1479,0,67 2 66,0,70,,2728,0,67 2 66,0,30,,1781,0,67 2 66,0,70,,357,0,67 2 66,0,30,,500,0,67 2 66,0,70,,827,0,67 2 66,0,30,,1241,0,67 2 66,0,70,,2735,0,67 2 66,0,30,,939,0,67 2 66,0,100,,2731,0,67 2 66,0,100,,1143,0,67 2 66,0,100,,2743,0,67 2 66,0
301,'2',535,,1288,0,67 2 66,0,70,,523,0,67 2 66,0,30,,2750,0,67 2 66,0,70,,975,0,67 2 66,0,30,,2767,0,67 2 66,0,70,,2751,0,67 2 66,0,30,,2762,0,67 2 66,0,70,,2766,0,67 2 66,0,30,,2763,0,67 2 66,0,70,,2755,0,67 2 66,0,30,,2748,0,67 2 66,0,70,,2754,0,67 2 66,0,30,,2759,0,67 2 66,0,70,,2768,0,67 2 66,0,30,,851,0,67 2 66,0,70,,2758,0,67 2 66,0,30,,738,0,67 2 66,0,70,,2760,0,67 2 66,0,30,,2753,0,67 2 66,0,70,,2757,0,67 2 66,0,30,,2761,0,67 2 66,0,70,,2765,0,67 2 66,0,30,,1512,0,67 2 66,0,70,,2749,0,67 2 66,0,30,,1806,0,67 2 66,0,70,,394,0,67 2 66,0,30,,536,0,67 2 66,0,70,,861,0,67 2 66,0,30,,1270,0,67 2 66,0,70,,2756,0,67 2 66,0,30,,973,0,67 2 66,0,100,,2752,0,67 2 66,0,100,,1173,0,67 2 66,0,100,,2764,0,67 2 66,0
301,'3',835,,2778,0,67 2 66,0,100,,426,0,67 2 66,0,100,,2775,0,67 2 66,0,100,,2769,0,67 2 66,0,100,,2774,0,67 2 66,0,100,,2770,0,67 2 66,0,100,,2779,0,67 2 66,0,100,,2773,0,67 2 66,0,100,,2772,0,67 2 66,0,100,,2777,0,67 2 66,0,100,,2776,0,67 2 66,0,100,,2771,0,67 2 66,0
301,'4',535,,1213,0,67 2 66,0,70,,2787,0,67 2 66,0,30,,656,0,67 2 66,0,70,,2790,0,67 2 66,0,30,,2794,0,67 2 66,0,70,,676,0,67 2 66,0,30,,1742,0,67 2 66,0,70,,2781,0,67 2 66,0,30,,1020,0,67 2 66,0,70,,568,0,67 2 66,0,30,,1672,0,67 2 66,0,70,,2786,0,67 2 66,0,30,,2782,0,67 2 66,0,70,,2797,0,67 2 66,0,30,,780,0,67 2 66,0,70,,2784,0,67 2 66,0,30,,2796,0,67 2 66,0,70,,2792,0,67 2 66,0,30,,2783,0,67 2 66,0,70,,2795,0,67 2 66,0,30,,2785,0,67 2 66,0,70,,1830,0,67 2 66,0,30,,2791,0,67 2 66,0,70,,1564,0,67 2 66,0,30,,1016,0,67 2 66,0,70,,1216,0,67 2 66,0,30,,2788,0,67 2 66,0,70,,894,0,67 2 66,0,30,,2780,0,67 2 66,0,70,,1222,0,67 2 66,0,30,,1320,0,67 2 66,0,100,,1834,0,67 2 66,0,100,,2789,0,67 2 66,0,100,,2793,0,67 2 66,0
1101,'1',549,,493,0,5 2 6 7,0,70,,3135,0,5 2 6 7,0,30,,3137,0,5 2 6 7,0,70,,3141,0,5 2 6 7,0,30,,231,0,5 2 6 7,0,70,,2128,0,5 2 6 7,0,30,,3143,0,5 2 6 7,0,70,,2199,0,5 2 6 7,0,30,,2238,0,5 2 6 7,0,70,,1353,0,5 2 6 7,0,30,,2288,0,5 2 6 7,0,70,,3136,0,5 2 6 7,0,30,,1258,0,5 2 6 7,0,70,,1690,0,5 2 6 7,0,30,,3144,0,5 2 6 7,0,70,,3132,0,5 2 6 7,0,30,,215,0,5 2 6 7,0,70,,3145,0,5 2 6 7,0,30,,940,0,5 2 6 7,0,70,,355,0,5 2 6 7,0,30,,1780,0,5 2 6 7,0,70,,3142,0,5 2 6 7,0,30,,3134,0,5 2 6 7,0,70,,3133,0,5 2 6 7,0,30,,3139,0,5 2 6 7,0,70,,1332,0,5 2 6 7,0,30,,1951,0,5 2 6 7,0,70,,3138,0,5 2 6 7,0,30,,3140,0,5 2 6 7,0
1101,'2',549,,529,0,5 2 6 7,0,70,,3150,0,5 2 6 7,0,30,,3152,0,5 2 6 7,0,70,,3156,0,5 2 6 7,0,30,,269,0,5 2 6 7,0,70,,2158,0,5 2 6 7,0,30,,3158,0,5 2 6 7,0,70,,2224,0,5 2 6 7,0,30,,2246,0,5 2 6 7,0,70,,1382,0,5 2 6 7,0,30,,3146,0,5 2 6 7,0,70,,3151,0,5 2 6 7,0,30,,1287,0,5 2 6 7,0,70,,1715,0,5 2 6 7,0,30,,3159,0,5 2 6 7,0,70,,3147,0,5 2 6 7,0,30,,253,0,5 2 6 7,0,70,,3160,0,5 2 6 7,0,30,,974,0,5 2 6 7,0,70,,392,0,5 2 6 7,0,30,,1805,0,5 2 6 7,0,70,,3157,0,5 2 6 7,0,30,,3149,0,5 2 6 7,0,70,,3148,0,5 2 6 7,0,30,,3154,0,5 2 6 7,0,70,,1361,0,5 2 6 7,0,30,,1974,0,5 2 6 7,0,70,,3153,0,5 2 6 7,0,30,,3155,0,5 2 6 7,0
1101,'3',849,,1519,0,5 2 6 7,0,100,,647,0,5 2 6 7,0,100,,3164,0,5 2 6 7,0,100,,3163,0,5 2 6 7,0,100,,3162,0,5 2 6 7,0,100,,3169,0,5 2 6 7,0,100,,3161,0,5 2 6 7,0,100,,542,0,5 2 6 7,0,100,,3166,0,5 2 6 7,0,100,,3168,0,5 2 6 7,0,100,,3167,0,5 2 6 7,0,100,,3165,0,5 2 6 7,0
1101,'4',549,,3174,0,5 2 6 7,0,70,,1916,0,5 2 6 7,0,30,,3176,0,5 2 6 7,0,70,,3177,0,5 2 6 7,0,30,,3171,0,5 2 6 7,0,70,,3182,0,5 2 6 7,0,30,,3187,0,5 2 6 7,0,70,,1103,0,5 2 6 7,0,30,,796,0,5 2 6 7,0,70,,3178,0,5 2 6 7,0,30,,3184,0,5 2 6 7,0,70,,3172,0,5 2 6 7,0,30,,2013,0,5 2 6 7,0,70,,3185,0,5 2 6 7,0,30,,1128,0,5 2 6 7,0,70,,1570,0,5 2 6 7,0,30,,3186,0,5 2 6 7,0,70,,3170,0,5 2 6 7,0,30,,1560,0,5 2 6 7,0,70,,3181,0,5 2 6 7,0,30,,2006,0,5 2 6 7,0,70,,3179,0,5 2 6 7,0,30,,1838,0,5 2 6 7,0,70,,3183,0,5 2 6 7,0,30,,3173,0,5 2 6 7,0,70,,1102,0,5 2 6 7,0,30,,3180,0,5 2 6 7,0,70,,3175,0,5 2 6 7,0,30,,557,0,5 2 6 7,0
1200,'1',705,,3195,0,69 70,0,30,,3192,0,69 70,0,70,,3200,0,69 70,0,30,,3207,0,69 70,0,70,,3206,0,69 70,0,30,,365,0,69 70,0,70,,3191,0,69 70,0,30,,3190,0,69 70,0,70,,1596,0,69 70,0,30,,3204,0,69 70,0,70,,1856,0,69 70,0,30,,202,0,69 70,0,70,,580,0,69 70,0,30,,2309,0,69 70,0,70,,3197,0,69 70,0,30,,3201,0,69 70,0,70,,3203,0,69 70,0,30,,3205,0,69 70,0,70,,586,0,69 70,0,30,,3194,0,69 70,0,70,,3198,0,69 70,0,30,,3193,0,69 70,0,70,,3202,0,69 70,0,30,,3199,0,69 70,0,70,,2254,0,69 70,0,30,,1854,0,69 70,0,70,,3189,0,69 70,0,30,,1035,0,69 70,0,70,,3188,0,69 70,0,30,,1461,0,69 70,0,70,,1582,0,69 70,0,30,,3196,0,69 70,0,70,,1140,0,69 70,0
1200,'2',705,,3216,0,69 70,0,30,,3213,0,69 70,0,70,,3222,0,69 70,0,30,,3229,0,69 70,0,70,,3228,0,69 70,0,30,,402,0,69 70,0,70,,3212,0,69 70,0,30,,3211,0,69 70,0,70,,1629,0,69 70,0,30,,3226,0,69 70,0,70,,1879,0,69 70,0,30,,240,0,69 70,0,70,,612,0,69 70,0,30,,3210,0,69 70,0,70,,3218,0,69 70,0,30,,3223,0,69 70,0,70,,3225,0,69 70,0,30,,3227,0,69 70,0,70,,618,0,69 70,0,30,,3215,0,69 70,0,70,,3220,0,69 70,0,30,,3214,0,69 70,0,70,,3224,0,69 70,0,30,,3221,0,69 70,0,70,,3219,0,69 70,0,30,,1877,0,69 70,0,70,,3209,0,69 70,0,30,,1066,0,69 70,0,70,,3208,0,69 70,0,30,,1494,0,69 70,0,70,,1615,0,69 70,0,30,,3217,0,69 70,0,70,,1170,0,69 70,0
1200,'3',805,,3246,0,69 70,0,30,,3248,0,69 70,0,70,,1401,0,69 70,0,30,,3240,0,69 70,0,70,,1900,0,69 70,0,30,,3251,0,69 70,0,70,,1898,0,69 70,0,30,,424,0,69 70,0,70,,3247,0,69 70,0,30,,3244,0,69 70,0,70,,3238,0,69 70,0,30,,3249,0,69 70,0,70,,3241,0,69 70,0,30,,3245,0,69 70,0,70,,3230,0,69 70,0,30,,3239,0,69 70,0,70,,3236,0,69 70,0,30,,3231,0,69 70,0,70,,3234,0,69 70,0,30,,3237,0,69 70,0,70,,3250,0,69 70,0,30,,3233,0,69 70,0,70,,3243,0,69 70,0,30,,3242,0,69 70,0,70,,1532,0,69 70,0,30,,3235,0,69 70,0,70,,3232,0,69 70,0
1200,'4',705,,3274,0,69 70,0,30,,47,0,69 70,0,70,,3269,0,69 70,0,30,,171,0,69 70,0,70,,3254,0,69 70,0,30,,3255,0,69 70,0,70,,3264,0,69 70,0,30,,1567,0,69 70,0,70,,3253,0,69 70,0,30,,1423,0,69 70,0,70,,3267,0,69 70,0,30,,3268,0,69 70,0,70,,3256,0,69 70,0,30,,3257,0,69 70,0,70,,3258,0,69 70,0,30,,162,0,69 70,0,70,,1670,0,69 70,0,30,,570,0,69 70,0,70,,3262,0,69 70,0,30,,3252,0,69 70,0,70,,3263,0,69 70,0,30,,3273,0,69 70,0,70,,297,0,69 70,0,30,,1327,0,69 70,0,70,,3265,0,69 70,0,30,,3271,0,69 70,0,70,,1652,0,69 70,0,30,,3260,0,69 70,0,70,,3261,0,69 70,0,30,,3270,0,69 70,0,70,,3259,0,69 70,0,30,,3272,0,69 70,0,70,,3266,0,69 70,0
