1600,'1',859,,5072,19,4,,0,100,,5077,19,4,,0,100,,5068,19,4,,0,100,,5070,19,4,,0,100,,5076,19,4,,0,100,,5069,19,4,,0,100,,5078,19,4,,0,100,,5071,19,4,,0,100,,3465,19,4,,0,100,,5075,19,4,,0,100,,5073,19,4,,0,100,,5074,19,4,,0
1600,'2',529,,912,19,4,,0,30,,5093,19,4,,0,70,,5095,19,4,,0,30,,5090,19,4,,0,70,,3184,19,4,,0,30,,5098,19,4,,0,70,,5084,19,4,,0,30,,1672,19,4,,0,70,,5082,19,4,,0,30,,3273,19,4,,0,70,,5081,19,4,,0,30,,5097,19,4,,0,70,,5089,19,4,,0,30,,5096,19,4,,0,70,,1101,19,4,,0,30,,5080,19,4,,0,70,,5094,19,4,,0,30,,5083,19,4,,0,70,,5091,19,4,,0,30,,5085,19,4,,0,70,,676,19,4,,0,30,,2470,19,4,,0,70,,5086,19,4,,0,30,,2858,19,4,,0,70,,3540,19,4,,0,30,,5088,19,4,,0,70,,5079,19,4,,0,30,,5092,19,4,,0,70,,1120,19,4,,0,30,,5087,19,4,,0
1600,'3',529,,5101,19,4,,0,30,,5108,19,4,,0,70,,5107,19,4,,0,30,,512,19,4,,0,70,,2954,19,4,,0,30,,2823,19,4,,0,70,,3402,19,4,,0,30,,5111,19,4,,0,70,,5113,19,4,,0,30,,2522,19,4,,0,70,,3627,19,4,,0,30,,5106,19,4,,0,70,,3396,19,4,,0,30,,402,19,4,,0,70,,5110,19,4,,0,30,,2342,19,4,,0,70,,5103,19,4,,0,30,,3677,19,4,,0,70,,5105,19,4,,0,30,,5112,19,4,,0,70,,1970,19,4,,0,30,,5100,19,4,,0,70,,5114,19,4,,0,30,,5104,19,4,,0,70,,5109,19,4,,0,30,,5099,19,4,,0,70,,533,19,4,,0,30,,5102,19,4,,0,70,,2049,19,4,,0,30,,3506,19,4,,0
1600,'4',529,,5116,19,4,,0,30,,5123,19,4,,0,70,,5122,19,4,,0,30,,476,19,4,,0,70,,2255,19,4,,0,30,,2805,19,4,,0,70,,3381,19,4,,0,30,,5126,19,4,,0,70,,5128,19,4,,0,30,,2501,19,4,,0,70,,3609,19,4,,0,30,,5121,19,4,,0,70,,3376,19,4,,0,30,,365,19,4,,0,70,,5125,19,4,,0,30,,2325,19,4,,0,70,,5118,19,4,,0,30,,3661,19,4,,0,70,,5120,19,4,,0,30,,5127,19,4,,0,70,,1947,19,4,,0,30,,5115,19,4,,0,70,,5129,19,4,,0,30,,5119,19,4,,0,70,,5124,19,4,,0,30,,3771,19,4,,0,70,,497,19,4,,0,30,,5117,19,4,,0,70,,2019,19,4,,0,30,,3492,19,4,,0
1601,'1',901,,5130,1,0,66 67,0,100,,5131,1,0,66 67,0,100,,5137,1,0,66 67,0,100,,2527,1,0,66 67,0,100,,5132,1,0,66 67,0,100,,2616,1,0,66 67,0,100,,5136,1,0,66 67,0,100,,5134,1,0,66 67,0,100,,5135,1,0,66 67,0,100,,5133,1,0,66 67,0,100,,5138,1,0,66 67,0,100,,3336,1,0,66 67,0
1601,'2',529,,5144,1,0,66 67,0,30,,2984,1,0,66 67,0,70,,2924,1,0,66 67,0,30,,5151,1,0,66 67,0,70,,5139,1,0,66 67,0,30,,5143,1,0,66 67,0,70,,5152,1,0,66 67,0,30,,30,1,0,66 67,0,70,,5149,1,0,66 67,0,30,,5146,1,0,66 67,0,70,,5153,1,0,66 67,0,30,,5148,1,0,66 67,0,70,,3272,1,0,66 67,0,30,,1303,1,0,66 67,0,70,,5141,1,0,66 67,0,30,,2725,1,0,66 67,0,70,,5145,1,0,66 67,0,30,,2384,1,0,66 67,0,70,,5147,1,0,66 67,0,30,,2720,1,0,66 67,0,70,,3187,1,0,66 67,0,30,,3256,1,0,66 67,0,70,,3484,1,0,66 67,0,30,,5155,1,0,66 67,0,70,,5150,1,0,66 67,0,30,,5154,1,0,66 67,0,70,,5142,1,0,66 67,0,30,,2983,1,0,66 67,0,70,,3046,1,0,66 67,0,30,,5140,1,0,66 67,0
1601,'3',529,,3088,1,0,66 67,0,30,,5168,1,0,66 67,0,70,,5169,1,0,66 67,0,30,,5157,1,0,66 67,0,70,,3215,1,0,66 67,0,30,,5171,1,0,66 67,0,70,,5163,1,0,66 67,0,30,,5172,1,0,66 67,0,70,,2756,1,0,66 67,0,30,,5161,1,0,66 67,0,70,,961,1,0,66 67,0,30,,5175,1,0,66 67,0,70,,5164,1,0,66 67,0,30,,5158,1,0,66 67,0,70,,1172,1,0,66 67,0,30,,529,1,0,66 67,0,70,,405,1,0,66 67,0,30,,5156,1,0,66 67,0,70,,5167,1,0,66 67,0,30,,5159,1,0,66 67,0,70,,5165,1,0,66 67,0,30,,5173,1,0,66 67,0,70,,1799,1,0,66 67,0,30,,2751,1,0,66 67,0,70,,1806,1,0,66 67,0,30,,5166,1,0,66 67,0,70,,5174,1,0,66 67,0,30,,5170,1,0,66 67,0,70,,5160,1,0,66 67,0,30,,5162,1,0,66 67,0
1601,'4',529,,3070,1,0,66 67,0,30,,5187,1,0,66 67,0,70,,5188,1,0,66 67,0,30,,1137,1,0,66 67,0,70,,3194,1,0,66 67,0,30,,5190,1,0,66 67,0,70,,5182,1,0,66 67,0,30,,5191,1,0,66 67,0,70,,2735,1,0,66 67,0,30,,5180,1,0,66 67,0,70,,927,1,0,66 67,0,30,,5194,1,0,66 67,0,70,,5183,1,0,66 67,0,30,,5177,1,0,66 67,0,70,,1142,1,0,66 67,0,30,,493,1,0,66 67,0,70,,368,1,0,66 67,0,30,,5176,1,0,66 67,0,70,,5186,1,0,66 67,0,30,,5178,1,0,66 67,0,70,,5184,1,0,66 67,0,30,,5192,1,0,66 67,0,70,,1774,1,0,66 67,0,30,,2730,1,0,66 67,0,70,,1781,1,0,66 67,0,30,,5185,1,0,66 67,0,70,,5193,1,0,66 67,0,30,,5189,1,0,66 67,0,70,,5179,1,0,66 67,0,30,,5181,1,0,66 67,0
11300,'3',1515,,5234,15,4,,0
13300,'3',1540,,5249,14,4,,0
