1000,'1',823,,4448,8,0,32,0,100,,3577,8,0,32,0,100,,4446,8,0,32,0,100,,4444,8,0,32,0,100,,4451,8,0,32,0,100,,4449,8,0,32,0,100,,4445,8,0,32,0,100,,4453,8,0,32,0,100,,2457,8,0,32,0,100,,4447,8,0,32,0,100,,4452,8,0,32,0,100,,4450,8,0,32,0
1000,'2',523,,4468,8,0,32,0,30,,4463,8,0,32,0,70,,2381,8,0,32,0,30,,4465,8,0,32,0,70,,1753,8,0,32,0,30,,1007,8,0,32,0,70,,4454,8,0,32,0,30,,899,8,0,32,0,70,,4473,8,0,32,0,30,,3128,8,0,32,0,70,,4456,8,0,32,0,30,,1996,8,0,32,0,70,,4462,8,0,32,0,30,,4459,8,0,32,0,70,,2459,8,0,32,0,30,,4458,8,0,32,0,70,,4457,8,0,32,0,30,,4471,8,0,32,0,70,,4464,8,0,32,0,30,,2646,8,0,32,0,70,,4455,8,0,32,0,30,,4460,8,0,32,0,70,,195,8,0,32,0,30,,4467,8,0,32,0,70,,4469,8,0,32,0,30,,3270,8,0,32,0,70,,4461,8,0,32,0,30,,4472,8,0,32,0,70,,4466,8,0,32,0,30,,448,8,0,32,0
1000,'3',523,,4491,8,0,32,0,30,,2764,8,0,32,0,70,,4495,8,0,32,0,30,,4488,8,0,32,0,70,,4483,8,0,32,0,30,,4480,8,0,32,0,70,,3029,8,0,32,0,30,,4475,8,0,32,0,70,,4485,8,0,32,0,30,,4478,8,0,32,0,70,,4489,8,0,32,0,30,,3097,8,0,32,0,70,,4481,8,0,32,0,30,,4484,8,0,32,0,70,,4487,8,0,32,0,30,,2055,8,0,32,0,70,,4476,8,0,32,0,30,,3159,8,0,32,0,70,,2591,8,0,32,0,30,,4479,8,0,32,0,70,,4492,8,0,32,0,30,,4493,8,0,32,0,70,,4477,8,0,32,0,30,,1066,8,0,32,0,70,,4490,8,0,32,0,30,,3210,8,0,32,0,70,,4482,8,0,32,0,30,,4474,8,0,32,0,70,,383,8,0,32,0,30,,4486,8,0,32,0
1000,'4',523,,4513,8,0,32,0,30,,2743,8,0,32,0,70,,4516,8,0,32,0,30,,4510,8,0,32,0,70,,4505,8,0,32,0,30,,4502,8,0,32,0,70,,3009,8,0,32,0,30,,4497,8,0,32,0,70,,4507,8,0,32,0,30,,4500,8,0,32,0,70,,4511,8,0,32,0,30,,3077,8,0,32,0,70,,4503,8,0,32,0,30,,4506,8,0,32,0,70,,4509,8,0,32,0,30,,2025,8,0,32,0,70,,4498,8,0,32,0,30,,3144,8,0,32,0,70,,2574,8,0,32,0,30,,4501,8,0,32,0,70,,4514,8,0,32,0,30,,4515,8,0,32,0,70,,4499,8,0,32,0,30,,1035,8,0,32,0,70,,4512,8,0,32,0,30,,2309,8,0,32,0,70,,4504,8,0,32,0,30,,4496,8,0,32,0,70,,346,8,0,32,0,30,,4508,8,0,32,0
11100,'3',1457,,5232,6,,,0
12000,'3',1557,,5236,5,0,25 26 3 27 16,0
12100,'3',1549,,5237,5,0,27 28,0
13500,'3',1529,,5255,5,0,98 99 25 26 3 25 36,0
13700,'3',1529,,2066,5,0,100 10 11 31 3 27 16,0
14001,'3',818,,5262,4,0,24,0
15001,'3',749,,5270,4,,,0,70,,1188,4,,,0,30,,5271,4,,,0
