400,'1',553,,1860,0,22 2 23 24,0,70,,2284,0,22 2 23 24,0,30,,2804,0,22 2 23 24,0,70,,75,0,22 2 23 24,0,30,,2806,0,22 2 23 24,0,70,,2265,0,22 2 23 24,0,30,,2286,0,22 2 23 24,0,70,,589,0,22 2 23 24,0,30,,86,0,22 2 23 24,0,70,,2798,0,22 2 23 24,0,30,,2801,0,22 2 23 24,0,70,,1135,0,22 2 23 24,0,30,,2813,0,22 2 23 24,0,70,,2807,0,22 2 23 24,0,30,,2802,0,22 2 23 24,0,70,,2808,0,22 2 23 24,0,30,,592,0,22 2 23 24,0,70,,209,0,22 2 23 24,0,30,,2799,0,22 2 23 24,0,70,,2811,0,22 2 23 24,0,30,,77,0,22 2 23 24,0,70,,1356,0,22 2 23 24,0,30,,2805,0,22 2 23 24,0,70,,1779,0,22 2 23 24,0,30,,1038,0,22 2 23 24,0,70,,1148,0,22 2 23 24,0,30,,583,0,22 2 23 24,0,70,,2814,0,22 2 23 24,0,30,,1463,0,22 2 23 24,0,70,,2809,0,22 2 23 24,0,100,,2803,0,22 2 23 24,0,100,,2800,0,22 2 23 24,0,100,,2810,0,22 2 23 24,0
400,'2',553,,1883,0,22 2 23 24,0,70,,2826,0,22 2 23 24,0,30,,2822,0,22 2 23 24,0,70,,112,0,22 2 23 24,0,30,,2824,0,22 2 23 24,0,70,,2828,0,22 2 23 24,0,30,,2820,0,22 2 23 24,0,70,,621,0,22 2 23 24,0,30,,123,0,22 2 23 24,0,70,,2815,0,22 2 23 24,0,30,,2818,0,22 2 23 24,0,70,,1165,0,22 2 23 24,0,30,,2833,0,22 2 23 24,0,70,,2825,0,22 2 23 24,0,30,,2819,0,22 2 23 24,0,70,,2827,0,22 2 23 24,0,30,,624,0,22 2 23 24,0,70,,247,0,22 2 23 24,0,30,,2816,0,22 2 23 24,0,70,,2831,0,22 2 23 24,0,30,,114,0,22 2 23 24,0,70,,1385,0,22 2 23 24,0,30,,2823,0,22 2 23 24,0,70,,1804,0,22 2 23 24,0,30,,1069,0,22 2 23 24,0,70,,1178,0,22 2 23 24,0,30,,615,0,22 2 23 24,0,70,,2834,0,22 2 23 24,0,30,,1496,0,22 2 23 24,0,70,,2829,0,22 2 23 24,0,100,,2821,0,22 2 23 24,0,100,,2817,0,22 2 23 24,0,100,,2830,0,22 2 23 24,0
400,'3',853,,2839,0,22 2 23 24,0,100,,2842,0,22 2 23 24,0,100,,2844,0,22 2 23 24,0,100,,2835,0,22 2 23 24,0,100,,2837,0,22 2 23 24,0,100,,1981,0,22 2 23 24,0,100,,2841,0,22 2 23 24,0,100,,2838,0,22 2 23 24,0,100,,2840,0,22 2 23 24,0,100,,293,0,22 2 23 24,0,100,,2836,0,22 2 23 24,0,100,,283,0,22 2 23 24,0
400,'4',553,,883,0,22 2 23 24,0,70,,2865,0,22 2 23 24,0,30,,2850,0,22 2 23 24,0,70,,1302,0,22 2 23 24,0,30,,1922,0,22 2 23 24,0,70,,2860,0,22 2 23 24,0,30,,2848,0,22 2 23 24,0,70,,2866,0,22 2 23 24,0,30,,2859,0,22 2 23 24,0,70,,2849,0,22 2 23 24,0,30,,2852,0,22 2 23 24,0,70,,2845,0,22 2 23 24,0,30,,2857,0,22 2 23 24,0,70,,1109,0,22 2 23 24,0,30,,1007,0,22 2 23 24,0,70,,2854,0,22 2 23 24,0,30,,2855,0,22 2 23 24,0,70,,1223,0,22 2 23 24,0,30,,1106,0,22 2 23 24,0,70,,2858,0,22 2 23 24,0,30,,2847,0,22 2 23 24,0,70,,2868,0,22 2 23 24,0,30,,2862,0,22 2 23 24,0,70,,1998,0,22 2 23 24,0,30,,2864,0,22 2 23 24,0,70,,2856,0,22 2 23 24,0,30,,890,0,22 2 23 24,0,70,,2867,0,22 2 23 24,0,30,,2863,0,22 2 23 24,0,70,,1996,0,22 2 23 24,0,100,,2861,0,22 2 23 24,0,100,,2846,0,22 2 23 24,0,100,,2853,0,22 2 23 24,0
1001,'1',535,,2992,0,33,0,70,,2997,0,33,0,30,,2138,0,33,0,70,,3006,0,33,0,30,,3008,0,33,0,70,,3005,0,33,0,30,,2998,0,33,0,70,,3000,0,33,0,30,,703,0,33,0,70,,2203,0,33,0,30,,2995,0,33,0,70,,2029,0,33,0,30,,2994,0,33,0,70,,2996,0,33,0,30,,3004,0,33,0,70,,3007,0,33,0,30,,468,0,33,0,70,,3003,0,33,0,30,,3002,0,33,0,70,,2296,0,33,0,30,,490,0,33,0,70,,216,0,33,0,30,,709,0,33,0,70,,3010,0,33,0,30,,1041,0,33,0,70,,3001,0,33,0,30,,2297,0,33,0,70,,2999,0,33,0,30,,2993,0,33,0,70,,3009,0,33,0
1001,'2',535,,3011,0,33,0,70,,3016,0,33,0,30,,2168,0,33,0,70,,3025,0,33,0,30,,3028,0,33,0,70,,3024,0,33,0,30,,3017,0,33,0,70,,3019,0,33,0,30,,737,0,33,0,70,,2228,0,33,0,30,,3014,0,33,0,70,,2059,0,33,0,30,,3013,0,33,0,70,,3015,0,33,0,30,,3023,0,33,0,70,,3027,0,33,0,30,,504,0,33,0,70,,3022,0,33,0,30,,3021,0,33,0,70,,3031,0,33,0,30,,526,0,33,0,70,,254,0,33,0,30,,743,0,33,0,70,,3030,0,33,0,30,,1072,0,33,0,70,,3020,0,33,0,30,,3026,0,33,0,70,,3018,0,33,0,30,,3012,0,33,0,70,,3029,0,33,0
1001,'3',905,,3032,0,33,0,100,,3036,0,33,0,100,,3042,0,33,0,100,,3040,0,33,0,100,,984,0,33,0,100,,3039,0,33,0,100,,3035,0,33,0,100,,3033,0,33,0,100,,3034,0,33,0,100,,3041,0,33,0,100,,3037,0,33,0,100,,3038,0,33,0
1001,'4',535,,1113,0,33,0,70,,1227,0,33,0,30,,3047,0,33,0,70,,3060,0,33,0,30,,781,0,33,0,70,,3062,0,33,0,30,,3061,0,33,0,70,,3050,0,33,0,30,,46,0,33,0,70,,3051,0,33,0,30,,1021,0,33,0,70,,3045,0,33,0,30,,3063,0,33,0,70,,3052,0,33,0,30,,3055,0,33,0,70,,3046,0,33,0,30,,3048,0,33,0,70,,3057,0,33,0,30,,3054,0,33,0,70,,3053,0,33,0,30,,1003,0,33,0,70,,3058,0,33,0,30,,3059,0,33,0,70,,1419,0,33,0,30,,899,0,33,0,70,,1117,0,33,0,30,,3049,0,33,0,70,,3044,0,33,0,30,,3056,0,33,0,70,,3043,0,33,0
1100,'1',608,,3081,0,5 2 6 7,0,30,,2264,0,5 2 6 7,0,70,,3064,0,5 2 6 7,0,30,,1853,0,5 2 6 7,0,70,,3067,0,5 2 6 7,0,30,,3071,0,5 2 6 7,0,70,,3066,0,5 2 6 7,0,30,,3079,0,5 2 6 7,0,70,,3077,0,5 2 6 7,0,30,,3072,0,5 2 6 7,0,70,,2189,0,5 2 6 7,0,30,,1586,0,5 2 6 7,0,70,,3074,0,5 2 6 7,0,30,,3080,0,5 2 6 7,0,70,,2130,0,5 2 6 7,0,30,,3069,0,5 2 6 7,0,70,,2140,0,5 2 6 7,0,30,,3065,0,5 2 6 7,0,70,,3076,0,5 2 6 7,0,30,,1950,0,5 2 6 7,0,70,,926,0,5 2 6 7,0,30,,3073,0,5 2 6 7,0,70,,1471,0,5 2 6 7,0,30,,2302,0,5 2 6 7,0,70,,3068,0,5 2 6 7,0,30,,3078,0,5 2 6 7,0,70,,2257,0,5 2 6 7,0,30,,3075,0,5 2 6 7,0,70,,3070,0,5 2 6 7,0
1100,'2',608,,3102,0,5 2 6 7,0,30,,3098,0,5 2 6 7,0,70,,3082,0,5 2 6 7,0,30,,1876,0,5 2 6 7,0,70,,3085,0,5 2 6 7,0,30,,3090,0,5 2 6 7,0,70,,3084,0,5 2 6 7,0,30,,3100,0,5 2 6 7,0,70,,3097,0,5 2 6 7,0,30,,3092,0,5 2 6 7,0,70,,2214,0,5 2 6 7,0,30,,1619,0,5 2 6 7,0,70,,3094,0,5 2 6 7,0,30,,3101,0,5 2 6 7,0,70,,2160,0,5 2 6 7,0,30,,3087,0,5 2 6 7,0,70,,2170,0,5 2 6 7,0,30,,3083,0,5 2 6 7,0,70,,3096,0,5 2 6 7,0,30,,1973,0,5 2 6 7,0,70,,960,0,5 2 6 7,0,30,,3093,0,5 2 6 7,0,70,,1504,0,5 2 6 7,0,30,,3091,0,5 2 6 7,0,70,,3086,0,5 2 6 7,0,30,,3099,0,5 2 6 7,0,70,,3089,0,5 2 6 7,0,30,,3095,0,5 2 6 7,0,70,,3088,0,5 2 6 7,0
1100,'3',838,,3106,0,5 2 6 7,0,100,,3105,0,5 2 6 7,0,100,,3103,0,5 2 6 7,0,100,,3108,0,5 2 6 7,0,100,,3107,0,5 2 6 7,0,100,,3113,0,5 2 6 7,0,100,,3110,0,5 2 6 7,0,100,,1645,0,5 2 6 7,0,100,,3112,0,5 2 6 7,0,100,,3109,0,5 2 6 7,0,100,,3111,0,5 2 6 7,0,100,,3104,0,5 2 6 7,0
1100,'4',608,,51,0,5 2 6 7,0,30,,1324,0,5 2 6 7,0,70,,432,0,5 2 6 7,0,30,,3117,0,5 2 6 7,0,70,,3127,0,5 2 6 7,0,30,,3114,0,5 2 6 7,0,70,,3126,0,5 2 6 7,0,30,,3122,0,5 2 6 7,0,70,,3119,0,5 2 6 7,0,30,,3116,0,5 2 6 7,0,70,,3131,0,5 2 6 7,0,30,,1203,0,5 2 6 7,0,70,,3124,0,5 2 6 7,0,30,,3115,0,5 2 6 7,0,70,,3125,0,5 2 6 7,0,30,,3118,0,5 2 6 7,0,70,,3123,0,5 2 6 7,0,30,,898,0,5 2 6 7,0,70,,3121,0,5 2 6 7,0,30,,3130,0,5 2 6 7,0,70,,54,0,5 2 6 7,0,30,,2094,0,5 2 6 7,0,70,,26,0,5 2 6 7,0,30,,433,0,5 2 6 7,0,70,,191,0,5 2 6 7,0,30,,39,0,5 2 6 7,0,70,,3128,0,5 2 6 7,0,30,,3129,0,5 2 6 7,0,70,,3120,0,5 2 6 7,0
11101,'1',758,,3762,,,0
14000,'1',1607,,3784,0,25,0
15000,'1',1606,,94,,,0
