200,'1',836,,3996,21,0,18,0,70,,2971,21,0,18,0,30,,3990,21,0,18,0,70,,2701,21,0,18,0,30,,3994,21,0,18,0,70,,1532,21,0,18,0,30,,4001,21,0,18,0,70,,3997,21,0,18,0,30,,3993,21,0,18,0,70,,3988,21,0,18,0,30,,4004,21,0,18,0,70,,3995,21,0,18,0,30,,3040,21,0,18,0,70,,3527,21,0,18,0,30,,3991,21,0,18,0,70,,4003,21,0,18,0,30,,3989,21,0,18,0,70,,3337,21,0,18,0,30,,3998,21,0,18,0,70,,4000,21,0,18,0,30,,3999,21,0,18,0,70,,2702,21,0,18,0,30,,4002,21,0,18,0,70,,3992,21,0,18,0
200,'2',536,,4027,21,0,18,0,70,,2916,21,0,18,0,30,,2569,21,0,18,0,70,,186,21,0,18,0,30,,1222,21,0,18,0,70,,4021,21,0,18,0,30,,3048,21,0,18,0,70,,4007,21,0,18,0,30,,4020,21,0,18,0,70,,2865,21,0,18,0,30,,4006,21,0,18,0,70,,3349,21,0,18,0,30,,4024,21,0,18,0,70,,4022,21,0,18,0,30,,4026,21,0,18,0,70,,4019,21,0,18,0,30,,4016,21,0,18,0,70,,2480,21,0,18,0,30,,4023,21,0,18,0,70,,2099,21,0,18,0,30,,568,21,0,18,0,70,,4017,21,0,18,0,30,,1570,21,0,18,0,70,,4005,21,0,18,0,30,,4018,21,0,18,0,70,,4014,21,0,18,0,30,,4009,21,0,18,0,70,,4013,21,0,18,0,30,,4015,21,0,18,0,70,,1430,21,0,18,0,30,,4008,21,0,18,0,70,,4010,21,0,18,0,30,,2920,21,0,18,0,70,,4025,21,0,18,0,30,,2635,21,0,18,0,70,,4011,21,0,18,0,30,,4012,21,0,18,0
200,'3',536,,4028,21,0,18,0,70,,2416,21,0,18,0,30,,4036,21,0,18,0,70,,4039,21,0,18,0,30,,1956,21,0,18,0,70,,1278,21,0,18,0,30,,2818,21,0,18,0,70,,251,21,0,18,0,30,,4040,21,0,18,0,70,,3149,21,0,18,0,30,,4032,21,0,18,0,70,,4044,21,0,18,0,30,,4030,21,0,18,0,70,,4046,21,0,18,0,30,,3216,21,0,18,0,70,,3746,21,0,18,0,30,,4031,21,0,18,0,70,,974,21,0,18,0,30,,4045,21,0,18,0,70,,4029,21,0,18,0,30,,1160,21,0,18,0,70,,4049,21,0,18,0,30,,4041,21,0,18,0,70,,4043,21,0,18,0,30,,4051,21,0,18,0,70,,4048,21,0,18,0,30,,4050,21,0,18,0,70,,4034,21,0,18,0,30,,4033,21,0,18,0,70,,3515,21,0,18,0,30,,4047,21,0,18,0,70,,4037,21,0,18,0,30,,4038,21,0,18,0,70,,4035,21,0,18,0,30,,4042,21,0,18,0,70,,2332,21,0,18,0,30,,3626,21,0,18,0
200,'4',536,,4052,21,0,18,0,70,,2390,21,0,18,0,30,,4060,21,0,18,0,70,,4063,21,0,18,0,30,,1933,21,0,18,0,70,,1249,21,0,18,0,30,,2801,21,0,18,0,70,,213,21,0,18,0,30,,3786,21,0,18,0,70,,3134,21,0,18,0,30,,4056,21,0,18,0,70,,4067,21,0,18,0,30,,4054,21,0,18,0,70,,4069,21,0,18,0,30,,3195,21,0,18,0,70,,3728,21,0,18,0,30,,4055,21,0,18,0,70,,940,21,0,18,0,30,,4068,21,0,18,0,70,,4053,21,0,18,0,30,,1130,21,0,18,0,70,,4072,21,0,18,0,30,,4064,21,0,18,0,70,,4066,21,0,18,0,30,,4074,21,0,18,0,70,,4071,21,0,18,0,30,,4073,21,0,18,0,70,,4058,21,0,18,0,30,,4057,21,0,18,0,70,,3500,21,0,18,0,30,,4070,21,0,18,0,70,,4061,21,0,18,0,30,,4062,21,0,18,0,70,,4059,21,0,18,0,30,,4065,21,0,18,0,70,,2315,21,0,18,0,30,,3608,21,0,18,0
1001,'1',847,,4524,2,0,32,0,100,,4517,2,0,32,0,100,,4527,2,0,32,0,100,,4526,2,0,32,0,100,,4525,2,0,32,0,100,,4522,2,0,32,0,100,,4520,2,0,32,0,100,,4523,2,0,32,0,100,,4518,2,0,32,0,100,,4519,2,0,32,0,100,,2843,2,0,32,0,100,,4521,2,0,32,0
1001,'2',517,,4528,2,0,32,0,30,,4532,2,0,32,0,70,,2013,2,0,32,0,30,,2567,2,0,32,0,70,,4544,2,0,32,0,30,,4531,2,0,32,0,70,,2782,2,0,32,0,30,,4541,2,0,32,0,70,,4534,2,0,32,0,30,,4542,2,0,32,0,70,,1658,2,0,32,0,30,,4543,2,0,32,0,70,,3642,2,0,32,0,30,,794,2,0,32,0,70,,4535,2,0,32,0,30,,4529,2,0,32,0,70,,1106,2,0,32,0,30,,2914,2,0,32,0,70,,4536,2,0,32,0,30,,4533,2,0,32,0,70,,4539,2,0,32,0,30,,2982,2,0,32,0,70,,4540,2,0,32,0,30,,2921,2,0,32,0,70,,4538,2,0,32,0,30,,4537,2,0,32,0,70,,2555,2,0,32,0,30,,2376,2,0,32,0,70,,4530,2,0,32,0,30,,2631,2,0,32,0
1001,'3',517,,4548,2,0,32,0,30,,2949,2,0,32,0,70,,4554,2,0,32,0,30,,4558,2,0,32,0,70,,4555,2,0,32,0,30,,108,2,0,32,0,70,,4546,2,0,32,0,30,,4549,2,0,32,0,70,,4550,2,0,32,0,30,,861,2,0,32,0,70,,2950,2,0,32,0,30,,3565,2,0,32,0,70,,4552,2,0,32,0,30,,4547,2,0,32,0,70,,2511,2,0,32,0,30,,3512,2,0,32,0,70,,2672,2,0,32,0,30,,4551,2,0,32,0,70,,2755,2,0,32,0,30,,3760,2,0,32,0,70,,2341,2,0,32,0,30,,3305,2,0,32,0,70,,4545,2,0,32,0,30,,2754,2,0,32,0,70,,2509,2,0,32,0,30,,1063,2,0,32,0,70,,3562,2,0,32,0,30,,4557,2,0,32,0,70,,4553,2,0,32,0,30,,4556,2,0,32,0
1001,'4',517,,4562,2,0,32,0,30,,2933,2,0,32,0,70,,4568,2,0,32,0,30,,4572,2,0,32,0,70,,4569,2,0,32,0,30,,71,2,0,32,0,70,,4560,2,0,32,0,30,,4563,2,0,32,0,70,,4564,2,0,32,0,30,,827,2,0,32,0,70,,2934,2,0,32,0,30,,3550,2,0,32,0,70,,4566,2,0,32,0,30,,4561,2,0,32,0,70,,2490,2,0,32,0,30,,3497,2,0,32,0,70,,2649,2,0,32,0,30,,4565,2,0,32,0,70,,2734,2,0,32,0,30,,3757,2,0,32,0,70,,2324,2,0,32,0,30,,3285,2,0,32,0,70,,4559,2,0,32,0,30,,2733,2,0,32,0,70,,2488,2,0,32,0,30,,1032,2,0,32,0,70,,3547,2,0,32,0,30,,4571,2,0,32,0,70,,4567,2,0,32,0,30,,4570,2,0,32,0
11100,'3',1512,,5232,22,,,0
11201,'3',733,,122,5,,,0
13501,'3',747,,5256,12,,,0
14100,'3',1553,,526,2,,,0
14200,'3',1553,,1887,2,0,50 103 104 53 3 38,0
14400,'3',1557,,5268,3,0,98 25 107 99 32,0
