201,'1',524,,1032,0,18,0,30,,2575,0,18,0,70,,351,0,18,0,30,,2582,0,18,0,70,,814,0,18,0,30,,2572,0,18,0,70,,2190,0,18,0,30,,2578,0,18,0,70,,1159,0,18,0,30,,2581,0,18,0,70,,2586,0,18,0,30,,1249,0,18,0,70,,2576,0,18,0,30,,87,0,18,0,70,,2570,0,18,0,30,,1787,0,18,0,70,,715,0,18,0,30,,232,0,18,0,70,,1130,0,18,0,30,,2571,0,18,0,70,,1457,0,18,0,30,,811,0,18,0,70,,2583,0,18,0,30,,2574,0,18,0,70,,2577,0,18,0,30,,1331,0,18,0,70,,93,0,18,0,30,,1347,0,18,0,70,,2579,0,18,0,30,,2132,0,18,0,70,,2580,0,18,0,30,,501,0,18,0,70,,2573,0,18,0,30,,2585,0,18,0,70,,2584,0,18,0,30,,1132,0,18,0
201,'2',524,,1063,0,18,0,30,,2592,0,18,0,70,,388,0,18,0,30,,2599,0,18,0,70,,848,0,18,0,30,,2589,0,18,0,70,,2215,0,18,0,30,,2595,0,18,0,70,,1189,0,18,0,30,,2598,0,18,0,70,,2603,0,18,0,30,,1278,0,18,0,70,,2593,0,18,0,30,,124,0,18,0,70,,2587,0,18,0,30,,1812,0,18,0,70,,749,0,18,0,30,,270,0,18,0,70,,1160,0,18,0,30,,2588,0,18,0,70,,1490,0,18,0,30,,845,0,18,0,70,,2600,0,18,0,30,,2591,0,18,0,70,,2594,0,18,0,30,,1360,0,18,0,70,,130,0,18,0,30,,1376,0,18,0,70,,2596,0,18,0,30,,2162,0,18,0,70,,2597,0,18,0,30,,537,0,18,0,70,,2590,0,18,0,30,,2602,0,18,0,70,,2601,0,18,0,30,,1162,0,18,0
201,'3',824,,2611,0,18,0,30,,2607,0,18,0,70,,2620,0,18,0,30,,2625,0,18,0,70,,2606,0,18,0,30,,2619,0,18,0,70,,655,0,18,0,30,,2613,0,18,0,70,,2617,0,18,0,30,,2604,0,18,0,70,,2618,0,18,0,30,,2609,0,18,0,70,,2608,0,18,0,30,,2624,0,18,0,70,,2621,0,18,0,30,,2622,0,18,0,70,,762,0,18,0,30,,2605,0,18,0,70,,2610,0,18,0,30,,2615,0,18,0,70,,2612,0,18,0,30,,2614,0,18,0,70,,2623,0,18,0,30,,2616,0,18,0
201,'4',524,,2646,0,18,0,30,,2637,0,18,0,70,,2632,0,18,0,30,,1753,0,18,0,70,,1989,0,18,0,30,,2636,0,18,0,70,,436,0,18,0,30,,2631,0,18,0,70,,2627,0,18,0,30,,2638,0,18,0,70,,2626,0,18,0,30,,2633,0,18,0,70,,195,0,18,0,30,,2629,0,18,0,70,,2645,0,18,0,30,,1914,0,18,0,70,,2630,0,18,0,30,,2635,0,18,0,70,,2643,0,18,0,30,,2644,0,18,0,70,,1843,0,18,0,30,,2648,0,18,0,70,,888,0,18,0,30,,909,0,18,0,70,,571,0,18,0,30,,43,0,18,0,70,,2628,0,18,0,30,,2641,0,18,0,70,,2642,0,18,0,30,,1209,0,18,0,70,,2634,0,18,0,30,,2639,0,18,0,70,,787,0,18,0,30,,1837,0,18,0,70,,2647,0,18,0,30,,2640,0,18,0
1000,'1',530,,214,0,33,0,70,,2147,0,33,0,30,,2272,0,33,0,70,,2940,0,33,0,30,,2933,0,33,0,70,,1052,0,33,0,30,,2931,0,33,0,70,,2938,0,33,0,30,,2274,0,33,0,70,,2934,0,33,0,30,,2936,0,33,0,70,,2942,0,33,0,30,,1946,0,33,0,70,,2943,0,33,0,30,,2929,0,33,0,70,,2937,0,33,0,30,,227,0,33,0,70,,2930,0,33,0,30,,2939,0,33,0,70,,359,0,33,0,30,,2269,0,33,0,70,,824,0,33,0,30,,2944,0,33,0,70,,1574,0,33,0,30,,2255,0,33,0,70,,826,0,33,0,30,,2935,0,33,0,70,,2941,0,33,0,30,,687,0,33,0,70,,2932,0,33,0
1000,'2',530,,252,0,33,0,70,,2177,0,33,0,30,,2963,0,33,0,70,,2958,0,33,0,30,,2949,0,33,0,70,,1083,0,33,0,30,,2947,0,33,0,70,,2956,0,33,0,30,,2962,0,33,0,70,,2950,0,33,0,30,,2952,0,33,0,70,,2960,0,33,0,30,,1969,0,33,0,70,,2961,0,33,0,30,,2945,0,33,0,70,,2953,0,33,0,30,,265,0,33,0,70,,2946,0,33,0,30,,2957,0,33,0,70,,396,0,33,0,30,,2955,0,33,0,70,,858,0,33,0,30,,2964,0,33,0,70,,1607,0,33,0,30,,2954,0,33,0,70,,860,0,33,0,30,,2951,0,33,0,70,,2959,0,33,0,30,,721,0,33,0,70,,2948,0,33,0
1000,'3',830,,2971,0,33,0,100,,2969,0,33,0,100,,2968,0,33,0,100,,2966,0,33,0,100,,13,0,33,0,100,,1530,0,33,0,100,,2965,0,33,0,100,,2973,0,33,0,100,,2970,0,33,0,100,,23,0,33,0,100,,2972,0,33,0,100,,2967,0,33,0
1000,'4',530,,2987,0,33,0,70,,333,0,33,0,30,,2974,0,33,0,70,,2991,0,33,0,30,,1023,0,33,0,70,,2976,0,33,0,30,,2978,0,33,0,70,,1441,0,33,0,30,,1420,0,33,0,70,,2981,0,33,0,30,,2986,0,33,0,70,,1758,0,33,0,30,,2982,0,33,0,70,,2977,0,33,0,30,,318,0,33,0,70,,2988,0,33,0,30,,2989,0,33,0,70,,1663,0,33,0,30,,2980,0,33,0,70,,1206,0,33,0,30,,2984,0,33,0,70,,2975,0,33,0,30,,2979,0,33,0,70,,447,0,33,0,30,,1744,0,33,0,70,,2983,0,33,0,30,,2985,0,33,0,70,,319,0,33,0,30,,561,0,33,0,70,,1025,0,33,0
12000,'1',1607,,3764,0,26 27 3 28 16,0
12001,'1',833,,3765,0,28 29,0
15001,'1',752,,1153,,,0,70,,2312,,,0,30,,3792,,,0
