1501,'1',858,,5018,17,0,38 2 39,0,100,,5022,17,0,38 2 39,0,100,,5024,17,0,38 2 39,0,100,,5025,17,0,38 2 39,0,100,,5021,17,0,38 2 39,0,100,,5020,17,0,38 2 39,0,100,,5026,17,0,38 2 39,0,100,,5019,17,0,38 2 39,0,100,,3521,17,0,38 2 39,0,100,,2779,17,0,38 2 39,0,100,,3637,17,0,38 2 39,0,100,,5023,17,0,38 2 39,0
1501,'2',555,,5032,17,0,38 2 39,0,70,,5038,17,0,38 2 39,0,30,,2556,17,0,38 2 39,0,70,,5029,17,0,38 2 39,0,30,,5034,17,0,38 2 39,0,70,,5030,17,0,38 2 39,0,30,,185,17,0,38 2 39,0,70,,5027,17,0,38 2 39,0,30,,3534,17,0,38 2 39,0,100,,5042,17,0,38 2 39,0,100,,5041,17,0,38 2 39,0,100,,5031,17,0,38 2 39,0,100,,3592,17,0,38 2 39,0,100,,2375,17,0,38 2 39,0,70,,5039,17,0,38 2 39,0,30,,1126,17,0,38 2 39,0,70,,5036,17,0,38 2 39,0,30,,5033,17,0,38 2 39,0,70,,573,17,0,38 2 39,0,30,,5028,17,0,38 2 39,0,70,,5037,17,0,38 2 39,0,30,,5040,17,0,38 2 39,0,100,,5035,17,0,38 2 39,0
1501,'3',555,,5045,17,0,38 2 39,0,70,,2508,17,0,38 2 39,0,30,,5052,17,0,38 2 39,0,70,,5046,17,0,38 2 39,0,30,,3631,17,0,38 2 39,0,70,,2502,17,0,38 2 39,0,30,,5047,17,0,38 2 39,0,70,,5043,17,0,38 2 39,0,30,,3401,17,0,38 2 39,0,100,,641,17,0,38 2 39,0,100,,5050,17,0,38 2 39,0,100,,5054,17,0,38 2 39,0,100,,2505,17,0,38 2 39,0,100,,3687,17,0,38 2 39,0,70,,5048,17,0,38 2 39,0,30,,5051,17,0,38 2 39,0,70,,5053,17,0,38 2 39,0,30,,2695,17,0,38 2 39,0,70,,5055,17,0,38 2 39,0,30,,738,17,0,38 2 39,0,70,,5044,17,0,38 2 39,0,30,,957,17,0,38 2 39,0,100,,5049,17,0,38 2 39,0
1501,'4',555,,5058,17,0,38 2 39,0,70,,2487,17,0,38 2 39,0,30,,5064,17,0,38 2 39,0,70,,2122,17,0,38 2 39,0,30,,3613,17,0,38 2 39,0,70,,2482,17,0,38 2 39,0,30,,5059,17,0,38 2 39,0,70,,5056,17,0,38 2 39,0,30,,3380,17,0,38 2 39,0,100,,609,17,0,38 2 39,0,100,,5062,17,0,38 2 39,0,100,,5066,17,0,38 2 39,0,100,,2484,17,0,38 2 39,0,100,,3670,17,0,38 2 39,0,70,,5060,17,0,38 2 39,0,30,,5063,17,0,38 2 39,0,70,,5065,17,0,38 2 39,0,30,,2671,17,0,38 2 39,0,70,,5067,17,0,38 2 39,0,30,,704,17,0,38 2 39,0,70,,5057,17,0,38 2 39,0,30,,923,17,0,38 2 39,0,100,,5061,17,0,38 2 39,0
1601,'1',905,,5130,4,0,66 67,0,100,,5131,4,0,66 67,0,100,,5137,4,0,66 67,0,100,,2527,4,0,66 67,0,100,,5132,4,0,66 67,0,100,,2616,4,0,66 67,0,100,,5136,4,0,66 67,0,100,,5134,4,0,66 67,0,100,,5135,4,0,66 67,0,100,,5133,4,0,66 67,0,100,,5138,4,0,66 67,0,100,,3336,4,0,66 67,0
1601,'2',534,,5144,4,0,66 67,0,70,,2984,4,0,66 67,0,30,,2924,4,0,66 67,0,70,,5151,4,0,66 67,0,30,,5139,4,0,66 67,0,70,,5143,4,0,66 67,0,30,,5152,4,0,66 67,0,70,,30,4,0,66 67,0,30,,5149,4,0,66 67,0,70,,5146,4,0,66 67,0,30,,5153,4,0,66 67,0,70,,5148,4,0,66 67,0,30,,3272,4,0,66 67,0,70,,1303,4,0,66 67,0,30,,5141,4,0,66 67,0,70,,2725,4,0,66 67,0,30,,5145,4,0,66 67,0,70,,2384,4,0,66 67,0,30,,5147,4,0,66 67,0,70,,2720,4,0,66 67,0,30,,3187,4,0,66 67,0,70,,3256,4,0,66 67,0,30,,3484,4,0,66 67,0,70,,5155,4,0,66 67,0,30,,5150,4,0,66 67,0,70,,5154,4,0,66 67,0,30,,5142,4,0,66 67,0,70,,2983,4,0,66 67,0,30,,3046,4,0,66 67,0,70,,5140,4,0,66 67,0
1601,'3',534,,3088,4,0,66 67,0,70,,5168,4,0,66 67,0,30,,5169,4,0,66 67,0,70,,5157,4,0,66 67,0,30,,3215,4,0,66 67,0,70,,5171,4,0,66 67,0,30,,5163,4,0,66 67,0,70,,5172,4,0,66 67,0,30,,2756,4,0,66 67,0,70,,5161,4,0,66 67,0,30,,961,4,0,66 67,0,70,,5175,4,0,66 67,0,30,,5164,4,0,66 67,0,70,,5158,4,0,66 67,0,30,,1172,4,0,66 67,0,70,,529,4,0,66 67,0,30,,405,4,0,66 67,0,70,,5156,4,0,66 67,0,30,,5167,4,0,66 67,0,70,,5159,4,0,66 67,0,30,,5165,4,0,66 67,0,70,,5173,4,0,66 67,0,30,,1799,4,0,66 67,0,70,,2751,4,0,66 67,0,30,,1806,4,0,66 67,0,70,,5166,4,0,66 67,0,30,,5174,4,0,66 67,0,70,,5170,4,0,66 67,0,30,,5160,4,0,66 67,0,70,,5162,4,0,66 67,0
1601,'4',534,,3070,4,0,66 67,0,70,,5187,4,0,66 67,0,30,,5188,4,0,66 67,0,70,,1137,4,0,66 67,0,30,,3194,4,0,66 67,0,70,,5190,4,0,66 67,0,30,,5182,4,0,66 67,0,70,,5191,4,0,66 67,0,30,,2735,4,0,66 67,0,70,,5180,4,0,66 67,0,30,,927,4,0,66 67,0,70,,5194,4,0,66 67,0,30,,5183,4,0,66 67,0,70,,5177,4,0,66 67,0,30,,1142,4,0,66 67,0,70,,493,4,0,66 67,0,30,,368,4,0,66 67,0,70,,5176,4,0,66 67,0,30,,5186,4,0,66 67,0,70,,5178,4,0,66 67,0,30,,5184,4,0,66 67,0,70,,5192,4,0,66 67,0,30,,1774,4,0,66 67,0,70,,2730,4,0,66 67,0,30,,1781,4,0,66 67,0,70,,5185,4,0,66 67,0,30,,5193,4,0,66 67,0,70,,5189,4,0,66 67,0,30,,5179,4,0,66 67,0,70,,5181,4,0,66 67,0
11201,'3',749,,122,19,,,0
13201,'3',747,,389,4,0,33,0
13901,'3',745,,237,13,,,0
