1,100,'1',1027,334,2314,1330,1028,2315,2316,1334,2317,923,2318,2319,2320,1233,2321,2322,588,2323,2324,2325,1342,2326,1343,1247,1592,1864,2327,2328,497,1476,1155,2329,95,2330,2289,2146,1257
1,100,'2',1058,371,2331,1359,1059,2332,2333,1363,2334,957,2335,2336,2337,1262,2338,2339,620,2340,2341,2342,1371,2343,1372,1276,1625,1887,2344,2345,533,1509,1185,2346,132,2347,2348,2176,1286
1,100,'3',1729,2349,2350,2351,2352,871,1192,2353,2354,2355,2356,2357,2358,2359,2360,1527,2361,2362,1903,2363,1737,2364,2365
1,100,'4',2366,435,1826,2367,1907,2368,2369,2370,2371,2372,2373,1999,2374,2099,2375,2376,2377,37,2378,1112,48,1221,566,1115,183,2379,2380,2381,459,2382,2383,2384,2111,797,2385,2386,2387
1,101,'1',197,2388,2389,2390,2391,2392,2393,2394,2395,2396,2397,2398,476,2399,2400,2125,2401,2402,352,2283,2403,210,2404,2405,2134,938,2406,2407,2408,2038,2409,2410,2411,2412,1698,1699,2148,2413
1,101,'2',235,2414,2415,2416,2417,2418,2419,2420,2421,2422,2423,2424,512,2425,2426,2155,2427,2428,389,2429,2430,248,2431,2432,2164,972,2433,2434,2435,2068,2436,2437,2438,2439,1723,1724,2178,2440
1,101,'3',2441,2442,1897,2443,758,2444,2445,2446,2447,2448,2449,2450,2451,875,2452,2453,2454,2455,2456,2457,2458,1905,295,22
1,101,'4',2093,768,2459,2460,446,308,889,2461,2462,2463,2464,448,782,2465,1554,2466,2467,786,2468,1561,2469,180,2470,567,2471,2472,2473,2474,2475,906,2476,2477,2478,2479,1927,2117,2480,2481
2,200,'1',1765,61,2482,2292,1681,2483,2484,2485,1933,2486,2025,2487,1235,2488,211,2489,2490,2491,2492,2493,84,936,494,2494,2495,944,2496,226,1154,2042,2497,2498,2499,2500,1603,2501,1158
2,200,'2',1790,98,2502,2503,1706,2504,2505,2506,1956,2507,2055,2508,1264,2509,249,2510,2511,2512,2513,2514,121,970,530,2515,2516,978,2517,264,1184,2072,2518,2519,2520,2521,1636,2522,1188
2,200,'3',2523,2524,2525,2526,2527,2528,2529,2530,2531,2532,2533,2534,2535,991,16,2536,2537,2538,2539,2540,2541,2542,2543,2544
2,200,'4',161,1827,2545,2546,30,2547,2548,2549,2550,2551,1910,315,2552,669,2553,2554,2555,175,2556,1912,2557,2558,2559,2560,2561,2562,2563,2564,2565,332,1761,912,2566,2567,2568,2569,1572
2,201,'1',1130,1331,2570,1132,1032,2571,2572,2573,2574,1457,2575,2190,2576,811,351,2577,814,2132,2578,2579,2580,87,1347,2581,2582,1249,2583,93,715,2584,2585,232,1787,501,2586,1159
2,201,'2',1160,1360,2587,1162,1063,2588,2589,2590,2591,1490,2592,2215,2593,845,388,2594,848,2162,2595,2596,2597,124,1376,2598,2599,1278,2600,130,749,2601,2602,270,1812,537,2603,1189
2,201,'3',2604,2605,2606,2607,2608,2609,2610,2611,2612,2613,2614,2615,2616,2617,2618,2619,762,2620,2621,2622,2623,2624,655,2625
2,201,'4',1989,2626,436,1209,2627,2628,888,2629,2630,2631,2632,2633,2634,2635,43,2636,1753,2637,2638,2639,1914,787,1837,2640,2641,2642,2643,571,2644,2645,1843,2646,2647,909,2648,195
3,300,'1',2649,1131,2650,2651,2652,2653,2654,2655,2656,2657,2658,2290,2659,346,480,2660,2661,1858,2662,2663,213,2664,2665,819,2666,2667,2668,1593,2669,1949,2670,2671
3,300,'2',2672,1161,2673,2674,2675,2676,2677,2678,2679,2680,2681,2682,2683,383,516,2684,2685,1881,2686,2687,251,2688,2689,853,2690,2691,2692,1626,2693,1972,2694,2695
3,300,'3',2696,2697,2698,1523,2699,2700,2701,2702,2703,2704,2705,2706
3,300,'4',2707,2708,27,2709,2710,2711,1101,2712,778,2713,2714,2715,2716,35,2717,2718,316,2719,2720,2721,1314,2722,1015,2723,2108,1918,2724,1920,2725,1762,2726,2727
3,301,'1',2277,2728,2729,2730,1143,2731,2732,2733,2734,2735,2736,1241,487,2737,357,704,2738,2739,817,2740,939,2741,2742,941,1781,2743,827,2744,2745,2746,1479,2747,500,1259
3,301,'2',2748,2749,2750,2751,1173,2752,2753,2754,2755,2756,2757,1270,523,2758,394,738,2759,2760,851,2761,973,2762,2763,975,1806,2764,861,2765,2766,2767,1512,2768,536,1288
3,301,'3',2769,2770,2771,2772,2773,2774,2775,2776,426,2777,2778,2779
3,301,'4',2780,2781,656,2782,1742,2783,2784,2785,1830,780,2786,2787,2788,1213,2789,894,2790,1834,1216,2791,1016,1222,568,1020,1564,1672,2792,676,2793,2794,1320,2795,2796,2797
4,400,'1',2798,2799,2800,2801,2802,583,2286,1135,2803,2804,2805,2806,589,209,75,2807,1463,77,592,1860,2284,2808,1038,1148,86,1779,2265,2809,2810,2811,2812,1356,2813,2814
4,400,'2',2815,2816,2817,2818,2819,615,2820,1165,2821,2822,2823,2824,621,247,112,2825,1496,114,624,1883,2826,2827,1069,1178,123,1804,2828,2829,2830,2831,2832,1385,2833,2834
4,400,'3',2835,2836,2837,2838,2839,283,1981,2840,2841,2842,2843,293,2844
4,400,'4',2845,1302,883,2846,2847,2848,2849,1106,2850,1996,1998,890,2851,2852,2853,1007,2854,2855,2856,1109,2857,2858,2859,1223,2860,2861,1922,2862,2863,2864,2865,2866,2867,2868
4,401,'1',2869,2870,2871,1134,2276,2872,2873,71,696,345,207,1144,2874,2875,2876,1466,937,2278,85,2877,218,1947,2878,90,1049,91,2240,2879,2880,2881,2882,1255,1606,2883
4,401,'2',2884,2885,2886,1164,2887,2888,2889,108,730,382,245,1174,2890,2891,2892,1499,971,2893,122,2894,256,1970,2895,127,1080,128,2248,2896,2897,2898,2899,1284,1639,2900
4,401,'3',410,2901,1093,2902,2903,2904,1098,2905,2906,2907,2908,2909
4,401,'4',2910,2911,1308,2912,2913,1662,1546,2914,2915,2916,1013,2917,1559,2918,2919,1017,325,2920,2921,50,2922,2923,1435,2924,2925,680,2926,1124,576,914,682,2118,2927,2928
10,1000,'1',687,2929,2930,1574,2931,2932,2933,2934,2935,2936,2937,2255,214,1946,359,2269,2938,2939,2940,824,826,2941,2942,2943,1052,227,2274,1602,2272,2147,2944
10,1000,'2',721,2945,2946,1607,2947,2948,2949,2950,2951,2952,2953,2954,252,1969,396,2955,2956,2957,2958,858,860,2959,2960,2961,1083,265,2962,1635,2963,2177,2964
10,1000,'3',2965,2966,2967,2968,13,1530,2969,2970,2971,2972,2973,23
10,1000,'4',2974,1744,1206,2975,2976,1420,1663,447,2977,318,561,319,2978,2979,2980,2981,2982,2983,1758,2984,2985,1441,2986,2987,2988,2989,1023,2990,333,2991,1025
10,1001,'1',468,2992,2993,2994,2995,2996,2997,2998,2999,3000,2029,3001,703,3002,3003,3004,3005,1041,216,490,3006,2138,709,2297,3007,3008,3009,3010,2203,2296
10,1001,'2',504,3011,3012,3013,3014,3015,3016,3017,3018,3019,2059,3020,737,3021,3022,3023,3024,1072,254,526,3025,2168,743,3026,3027,3028,3029,3030,2228,3031
10,1001,'3',984,3032,3033,3034,3035,3036,3037,3038,3039,3040,3041,3042
10,1001,'4',3043,3044,3045,3046,3047,1419,1003,3048,3049,3050,781,3051,3052,3053,3054,3055,899,46,1113,3056,1117,1021,3057,1227,3058,3059,3060,3061,3062,3063
11,1100,'1',3064,3065,3066,3067,3068,3069,3070,2257,3071,926,2302,3072,1853,3073,2189,3074,1586,3075,3076,3077,2264,2130,3078,3079,1471,2140,1950,3080,3081
11,1100,'2',3082,3083,3084,3085,3086,3087,3088,3089,3090,960,3091,3092,1876,3093,2214,3094,1619,3095,3096,3097,3098,2160,3099,3100,1504,2170,1973,3101,3102
11,1100,'3',3103,3104,3105,3106,3107,3108,1645,3109,3110,3111,3112,3113
11,1100,'4',432,3114,433,1203,26,3115,3116,3117,2094,3118,3119,3120,3121,3122,3123,3124,3125,3126,39,898,3127,3128,3129,3130,51,191,54,1324,3131
11,1101,'1',2288,3132,1332,3133,3134,3135,3136,2128,1690,355,3137,3138,215,2199,3139,2238,493,1780,3140,940,3141,3142,3143,1353,231,1951,3144,3145,1258
11,1101,'2',3146,3147,1361,3148,3149,3150,3151,2158,1715,392,3152,3153,253,2224,3154,2246,529,1805,3155,974,3156,3157,3158,1382,269,1974,3159,3160,1287
11,1101,'3',647,1519,3161,3162,542,3163,3164,3165,3166,3167,3168,3169
11,1101,'4',3170,3171,1102,1103,3172,3173,3174,557,3175,2006,1560,3176,1838,3177,1916,3178,3179,3180,2013,796,3181,3182,1128,3183,3184,3185,3186,1570,3187
12,1200,'1',3188,580,3189,2309,3190,3191,3192,202,3193,3194,1582,3195,586,1140,1461,1035,1854,1856,3196,3197,2254,3198,3199,3200,3201,3202,365,3203,1596,3204,3205,3206,3207
12,1200,'2',3208,612,3209,3210,3211,3212,3213,240,3214,3215,1615,3216,618,1170,1494,1066,1877,1879,3217,3218,3219,3220,3221,3222,3223,3224,402,3225,1629,3226,3227,3228,3229
12,1200,'3',3230,3231,3232,3233,3234,3235,3236,3237,3238,1898,3239,1900,3240,3241,3242,3243,1401,1532,424,3244,3245,3246,3247,3248,3249,3250,3251
12,1200,'4',297,1652,162,3252,3253,3254,3255,3256,3257,3258,3259,1423,171,3260,3261,3262,3263,3264,3265,1670,3266,47,3267,3268,570,3269,1567,3270,3271,3272,3273,1327,3274
12,1201,'1',3275,916,1682,3276,2023,3277,3278,1935,927,3279,1337,1587,3280,347,3281,3282,348,3283,1341,3284,2198,597,3285,2201,3286,3287,3288,3289,3290,3291,3292,3293,3294
12,1201,'2',3295,950,1707,3296,2053,3297,3298,1958,961,3299,1366,1620,3300,384,3301,3302,385,3303,1370,3304,2223,629,3305,2226,3306,3307,3308,3309,3310,3311,3312,3313,3314
12,1201,'3',3315,3316,3317,3318,3319,3320,3321,3322,3323,3324,3325,3326,3327,3328,3329,3330,3331,3332,3333,3334,3335,3336,550,3337,3338,3339,3340
12,1201,'4',299,3341,3342,3343,3344,3345,3346,3347,3348,1313,2005,3349,320,3350,455,3351,1218,1316,3352,3353,673,185,3354,1919,3355,3356,3357,1926,3358,3359,3360,3361,3362
13,1300,'1',3363,1575,3364,2307,3365,3366,3367,3368,70,3369,3370,3371,3372,1940,3373,3374,3375,3376,2259,3377,3378,3379,1256,3380,3381
13,1300,'2',3382,1608,3383,3384,3385,3386,3387,3388,107,3389,3390,3391,3392,1963,3393,3394,3395,3396,3397,3398,3399,3400,1285,3401,3402
13,1300,'3',3403,3404,3405,3406,3407,3408,3409,3410,3411,3412,3413,3414
13,1300,'4',159,881,996,3415,3416,1303,3417,3418,560,3419,3420,3421,3422,186,3423,794,1120,1844,1443,56,3424,2017,3425,1328,3426
13,1301,'1',199,3427,64,689,3428,3429,3430,2313,3431,812,3432,3433,3434,3435,3436,3437,1694,3438,3439,3440,3441,3442,3443,611,1605
13,1301,'2',237,3444,101,723,3445,3446,3447,3448,3449,846,3450,3451,3452,3453,3454,3455,1719,3456,3457,3458,3459,3460,3461,643,1638
13,1301,'3',3462,3463,284,8,3464,3465,3466,3467,3468,3469,3470,3471
13,1301,'4',3472,3473,439,442,3474,1660,3475,3476,3477,3478,3479,3480,3481,3482,1909,3483,3484,2105,3485,3486,3487,792,3488,1225,3489
15,1500,'1',3490,1451,3491,3492,3493,924,3494,3495,1142,2293,3496,3497,3498,1043,3499,1149,3500,1152,710,3501,3502,2142,3503
15,1500,'2',3504,1484,3505,3506,3507,958,3508,3509,1172,3510,3511,3512,3513,1074,3514,1179,3515,1182,744,3516,3517,2172,3518
15,1500,'3',3519,1516,278,3520,286,3521,3522,3523,3524,3525,3526,3527
15,1500,'4',3528,3529,3530,662,1208,3531,306,3532,3533,3534,1430,788,3535,3536,574,3537,3538,1845,3539,3540,3541,3542,1571
15,1501,'1',1677,198,3543,3544,2268,3545,3546,3547,477,3548,1855,482,3549,3550,3551,3552,3553,488,3554,1867,3555,2143,3556
15,1501,'2',1702,236,3557,3558,3559,3560,3561,3562,513,3563,1878,518,3564,3565,3566,3567,3568,524,3569,1890,3570,2173,3571
15,1501,'3',1517,3572,3573,1395,1398,3574,3575,3576,3577,3578,3579,1538
15,1501,'4',3580,3581,3582,3583,3584,3585,314,3586,3587,177,3588,3589,573,3590,3591,678,1321,3592,3593,3594,3595,1929,3596
16,1600,'1',2019,3597,688,3598,2124,925,3599,3600,1462,3601,3602,3603,3604,3605,1692,3606,3607,3608,2036,3609,3610,3611,829,606,3612,3613,832,608,3614,2149
16,1600,'2',2049,3615,722,3616,2154,959,3617,3618,1495,3619,3620,3621,3622,3623,1717,3624,3625,3626,2066,3627,3628,3629,863,638,3630,3631,866,640,3632,2179
16,1600,'3',3633,3634,3635,1977,280,418,1197,3636,3637,3638,3639,3640
16,1600,'4',1988,3641,3642,3643,1658,3644,885,3645,3646,1006,3647,3648,170,3649,3650,3651,3652,3653,3654,3655,569,2010,1118,3656,1760,3657,3658,1126,60,3659
16,1601,'1',3660,3661,581,2273,1449,3662,807,3663,3664,342,1851,3665,3666,1774,1346,3667,3668,3669,492,2239,3670,3671,3672,3673,3674,943,368,228,1358,3675
16,1601,'2',3676,3677,613,3678,1482,3679,841,3680,3681,379,1874,3682,3683,1799,1375,3684,3685,3686,528,2247,3687,3688,3689,3690,3691,977,405,266,1387,3692
16,1601,'3',3693,3694,3695,3696,3697,3698,547,3699,1983,3700,3701,3702
16,1601,'4',2090,3703,998,1000,1994,1311,3704,1421,3705,3706,3707,3708,3709,3710,563,3711,3712,3713,460,1436,188,3714,3715,3716,3717,3718,3719,1763,681,1848
18,1800,'1',3720
18,1800,'2',3721
18,1801,'1',3722,3723,3724,340,694,3725,3726,2192,2032,3727,2287,3728,1945,3729,3730,3731,3732,599,3733,3734,3735,3736,3737,3738,609,2261
18,1801,'2',3739,3740,3741,377,728,3742,3743,2217,2062,3744,3745,3746,1968,3747,3748,3749,631,3750,3751,3752,3753,3754,3755,641,3756
19,1901,'1',803,471,695,2295,3757,220,3758,1598
19,1901,'2',837,507,729,3759,3760,258,3761,1631
111,11100,'1',1478
111,11101,'1',3762
112,11200,'1',713
112,11201,'1',1137
113,11300,'1',2303
113,11301,'1',3763
120,12000,'1',3764
120,12001,'1',3765
121,12100,'1',3766
121,12101,'1',3767
122,12200,'1',204
122,12201,'1',474
123,12300,'1',3768
123,12301,'1',3769
130,13000,'1',3770,206,1862
130,13001,'1',3771,3772
131,13100,'1',97
131,13101,'1',3773
132,13200,'1',3774
132,13201,'1',2122
133,13300,'1',3775
133,13301,'1',2298,1150
134,13400,'1',479,1338
134,13401,'1',3776,3777
135,13500,'1',3778
135,13501,'1',3779
136,13600,'1',3780
136,13601,'1',3781
137,13700,'1',1456
137,13701,'1',88
138,13800,'1',2027
138,13801,'1',1454
139,13900,'1',3782
139,13901,'1',3783
140,14000,'1',3784
140,14001,'1',2123
141,14100,'1',3785
141,14101,'1',3786,3787
142,14200,'1',3788
142,14201,'1',3789
143,14300,'1',2046
143,14301,'1',3790
144,14400,'1',1349
144,14401,'1',3791
150,15000,'1',94
150,15001,'1',3792,1153,2312
151,15100,'1',3793
151,15101,'1',3794
152,15200,'1',3795
152,15201,'1',1934,1696
153,15300,'1',3796
153,15301,'1',3797
154,15400,'1',219
154,15401,'1',1770
160,16001,'1',3798
