101,'1',840,,148,0,41 42 43 44,0,70,,156,0,41 42 43 44,0,30,,144,0,41 42 43 44,0,70,,149,0,41 42 43 44,0,30,,143,0,41 42 43 44,0,70,,153,0,41 42 43 44,0,30,,137,0,41 42 43 44,0,70,,141,0,41 42 43 44,0,30,,158,0,41 42 43 44,0,70,,145,0,41 42 43 44,0,30,,142,0,41 42 43 44,0,70,,150,0,41 42 43 44,0,30,,151,0,41 42 43 44,0,70,,157,0,41 42 43 44,0,30,,154,0,41 42 43 44,0,70,,138,0,41 42 43 44,0,30,,155,0,41 42 43 44,0,70,,139,0,41 42 43 44,0,30,,135,0,41 42 43 44,0,70,,136,0,41 42 43 44,0,30,,140,0,41 42 43 44,0,70,,146,0,41 42 43 44,0,30,,147,0,41 42 43 44,0
101,'2',540,,185,0,41 42 43 44,0,70,,181,0,41 42 43 44,0,30,,175,0,41 42 43 44,0,70,,173,0,41 42 43 44,0,30,,180,0,41 42 43 44,0,70,,168,0,41 42 43 44,0,30,,184,0,41 42 43 44,0,70,,192,0,41 42 43 44,0,30,,191,0,41 42 43 44,0,70,,160,0,41 42 43 44,0,30,,164,0,41 42 43 44,0,70,,163,0,41 42 43 44,0,30,,176,0,41 42 43 44,0,70,,162,0,41 42 43 44,0,30,,182,0,41 42 43 44,0,70,,179,0,41 42 43 44,0,30,,188,0,41 42 43 44,0,70,,159,0,41 42 43 44,0,30,,190,0,41 42 43 44,0,70,,167,0,41 42 43 44,0,30,,172,0,41 42 43 44,0,70,,166,0,41 42 43 44,0,30,,193,0,41 42 43 44,0,70,,189,0,41 42 43 44,0,30,,170,0,41 42 43 44,0,70,,177,0,41 42 43 44,0,30,,196,0,41 42 43 44,0,70,,169,0,41 42 43 44,0,30,,187,0,41 42 43 44,0,70,,194,0,41 42 43 44,0,30,,174,0,41 42 43 44,0,70,,171,0,41 42 43 44,0,30,,165,0,41 42 43 44,0,70,,183,0,41 42 43 44,0,30,,186,0,41 42 43 44,0,70,,195,0,41 42 43 44,0,30,,161,0,41 42 43 44,0
101,'3',540,,221,0,41 42 43 44,0,70,,215,0,41 42 43 44,0,30,,209,0,41 42 43 44,0,70,,211,0,41 42 43 44,0,30,,198,0,41 42 43 44,0,70,,206,0,41 42 43 44,0,30,,218,0,41 42 43 44,0,70,,222,0,41 42 43 44,0,30,,205,0,41 42 43 44,0,70,,213,0,41 42 43 44,0,30,,219,0,41 42 43 44,0,70,,233,0,41 42 43 44,0,30,,199,0,41 42 43 44,0,70,,230,0,41 42 43 44,0,30,,227,0,41 42 43 44,0,70,,216,0,41 42 43 44,0,30,,228,0,41 42 43 44,0,70,,200,0,41 42 43 44,0,30,,197,0,41 42 43 44,0,70,,229,0,41 42 43 44,0,30,,220,0,41 42 43 44,0,70,,204,0,41 42 43 44,0,30,,214,0,41 42 43 44,0,70,,234,0,41 42 43 44,0,30,,208,0,41 42 43 44,0,70,,223,0,41 42 43 44,0,30,,232,0,41 42 43 44,0,70,,212,0,41 42 43 44,0,30,,224,0,41 42 43 44,0,70,,226,0,41 42 43 44,0,30,,201,0,41 42 43 44,0,70,,202,0,41 42 43 44,0,30,,217,0,41 42 43 44,0,70,,210,0,41 42 43 44,0,30,,207,0,41 42 43 44,0,70,,231,0,41 42 43 44,0,30,,203,0,41 42 43 44,0
101,'4',540,,259,0,41 42 43 44,0,70,,253,0,41 42 43 44,0,30,,247,0,41 42 43 44,0,70,,249,0,41 42 43 44,0,30,,236,0,41 42 43 44,0,70,,244,0,41 42 43 44,0,30,,256,0,41 42 43 44,0,70,,260,0,41 42 43 44,0,30,,243,0,41 42 43 44,0,70,,251,0,41 42 43 44,0,30,,257,0,41 42 43 44,0,70,,271,0,41 42 43 44,0,30,,237,0,41 42 43 44,0,70,,268,0,41 42 43 44,0,30,,265,0,41 42 43 44,0,70,,254,0,41 42 43 44,0,30,,266,0,41 42 43 44,0,70,,238,0,41 42 43 44,0,30,,235,0,41 42 43 44,0,70,,267,0,41 42 43 44,0,30,,258,0,41 42 43 44,0,70,,242,0,41 42 43 44,0,30,,252,0,41 42 43 44,0,70,,272,0,41 42 43 44,0,30,,246,0,41 42 43 44,0,70,,261,0,41 42 43 44,0,30,,270,0,41 42 43 44,0,70,,250,0,41 42 43 44,0,30,,262,0,41 42 43 44,0,70,,264,0,41 42 43 44,0,30,,239,0,41 42 43 44,0,70,,240,0,41 42 43 44,0,30,,255,0,41 42 43 44,0,70,,248,0,41 42 43 44,0,30,,245,0,41 42 43 44,0,70,,269,0,41 42 43 44,0,30,,241,0,41 42 43 44,0
1501,'1',906,,1898,0,39 2 40,0,100,,1903,0,39 2 40,0,100,,1896,0,39 2 40,0,100,,1897,0,39 2 40,0,100,,1901,0,39 2 40,0,100,,1906,0,39 2 40,0,100,,1905,0,39 2 40,0,100,,1900,0,39 2 40,0,100,,1895,0,39 2 40,0,100,,1899,0,39 2 40,0,100,,1904,0,39 2 40,0,100,,1902,0,39 2 40,0
1501,'2',606,,1913,0,39 2 40,0,30,,1926,0,39 2 40,0,70,,1924,0,39 2 40,0,30,,1916,0,39 2 40,0,70,,1918,0,39 2 40,0,30,,1923,0,39 2 40,0,70,,1921,0,39 2 40,0,30,,1908,0,39 2 40,0,70,,1929,0,39 2 40,0,100,,1925,0,39 2 40,0,100,,1914,0,39 2 40,0,100,,1919,0,39 2 40,0,100,,1909,0,39 2 40,0,100,,1928,0,39 2 40,0,30,,1917,0,39 2 40,0,70,,1911,0,39 2 40,0,30,,1920,0,39 2 40,0,70,,1907,0,39 2 40,0,30,,1915,0,39 2 40,0,70,,1912,0,39 2 40,0,30,,1927,0,39 2 40,0,70,,1910,0,39 2 40,0,100,,1922,0,39 2 40,0
1501,'3',606,,1947,0,39 2 40,0,30,,1933,0,39 2 40,0,70,,1951,0,39 2 40,0,30,,1943,0,39 2 40,0,70,,1934,0,39 2 40,0,30,,1941,0,39 2 40,0,70,,1938,0,39 2 40,0,30,,1940,0,39 2 40,0,70,,1932,0,39 2 40,0,100,,1950,0,39 2 40,0,100,,1936,0,39 2 40,0,100,,1931,0,39 2 40,0,100,,1948,0,39 2 40,0,100,,1939,0,39 2 40,0,30,,1945,0,39 2 40,0,70,,1935,0,39 2 40,0,30,,1952,0,39 2 40,0,70,,1942,0,39 2 40,0,30,,1949,0,39 2 40,0,70,,1937,0,39 2 40,0,30,,1946,0,39 2 40,0,70,,1944,0,39 2 40,0,100,,1930,0,39 2 40,0
1501,'4',606,,1970,0,39 2 40,0,30,,1956,0,39 2 40,0,70,,1974,0,39 2 40,0,30,,1966,0,39 2 40,0,70,,1957,0,39 2 40,0,30,,1964,0,39 2 40,0,70,,1961,0,39 2 40,0,30,,1963,0,39 2 40,0,70,,1955,0,39 2 40,0,100,,1973,0,39 2 40,0,100,,1959,0,39 2 40,0,100,,1954,0,39 2 40,0,100,,1971,0,39 2 40,0,100,,1962,0,39 2 40,0,30,,1968,0,39 2 40,0,70,,1958,0,39 2 40,0,30,,1975,0,39 2 40,0,70,,1965,0,39 2 40,0,30,,1972,0,39 2 40,0,70,,1960,0,39 2 40,0,30,,1969,0,39 2 40,0,70,,1967,0,39 2 40,0,100,,1953,0,39 2 40,0
1601,'1',910,,2078,0,68 11,0,100,,2079,0,68 11,0,100,,2084,0,68 11,0,100,,2081,0,68 11,0,100,,2080,0,68 11,0,100,,2086,0,68 11,0,100,,2085,0,68 11,0,100,,2082,0,68 11,0,100,,2083,0,68 11,0,100,,2087,0,68 11,0,100,,2089,0,68 11,0,100,,2088,0,68 11,0
1601,'2',540,,2106,0,68 11,0,70,,2096,0,68 11,0,30,,2105,0,68 11,0,70,,2108,0,68 11,0,30,,2090,0,68 11,0,70,,2111,0,68 11,0,30,,2104,0,68 11,0,70,,2107,0,68 11,0,30,,2110,0,68 11,0,70,,2119,0,68 11,0,30,,2115,0,68 11,0,70,,2099,0,68 11,0,30,,2097,0,68 11,0,70,,2114,0,68 11,0,30,,2117,0,68 11,0,70,,2092,0,68 11,0,30,,2095,0,68 11,0,70,,2091,0,68 11,0,30,,2112,0,68 11,0,70,,2118,0,68 11,0,30,,2094,0,68 11,0,70,,2113,0,68 11,0,30,,2100,0,68 11,0,70,,2101,0,68 11,0,30,,2116,0,68 11,0,70,,2109,0,68 11,0,30,,2098,0,68 11,0,70,,2103,0,68 11,0,30,,2102,0,68 11,0,70,,2093,0,68 11,0
1601,'3',540,,2129,0,68 11,0,70,,2124,0,68 11,0,30,,2122,0,68 11,0,70,,2142,0,68 11,0,30,,2148,0,68 11,0,70,,2131,0,68 11,0,30,,2133,0,68 11,0,70,,2149,0,68 11,0,30,,2121,0,68 11,0,70,,2141,0,68 11,0,30,,2135,0,68 11,0,70,,2147,0,68 11,0,30,,2145,0,68 11,0,70,,2146,0,68 11,0,30,,2144,0,68 11,0,70,,2123,0,68 11,0,30,,2137,0,68 11,0,70,,2134,0,68 11,0,30,,2140,0,68 11,0,70,,2128,0,68 11,0,30,,2130,0,68 11,0,70,,2139,0,68 11,0,30,,2136,0,68 11,0,70,,2125,0,68 11,0,30,,2132,0,68 11,0,70,,2143,0,68 11,0,30,,2138,0,68 11,0,70,,2126,0,68 11,0,30,,2127,0,68 11,0,70,,2120,0,68 11,0
1601,'4',540,,2159,0,68 11,0,70,,2154,0,68 11,0,30,,2152,0,68 11,0,70,,2172,0,68 11,0,30,,2178,0,68 11,0,70,,2161,0,68 11,0,30,,2163,0,68 11,0,70,,2179,0,68 11,0,30,,2151,0,68 11,0,70,,2171,0,68 11,0,30,,2165,0,68 11,0,70,,2177,0,68 11,0,30,,2175,0,68 11,0,70,,2176,0,68 11,0,30,,2174,0,68 11,0,70,,2153,0,68 11,0,30,,2167,0,68 11,0,70,,2164,0,68 11,0,30,,2170,0,68 11,0,70,,2158,0,68 11,0,30,,2160,0,68 11,0,70,,2169,0,68 11,0,30,,2166,0,68 11,0,70,,2155,0,68 11,0,30,,2162,0,68 11,0,70,,2173,0,68 11,0,30,,2168,0,68 11,0,70,,2156,0,68 11,0,30,,2157,0,68 11,0,70,,2150,0,68 11,0
11201,'3',801,,2252,,,0
13201,'3',758,,2271,0,34,0
13301,'3',755,,2273,,,0,0,,2274,,,0
13901,'3',754,,2288,,,0
