100,'1',816,,3805,9,0,40 41 42 43,0,30,,2530,9,0,40 41 42 43,0,70,,3813,9,0,40 41 42 43,0,30,,3807,9,0,40 41 42 43,0,70,,3799,9,0,40 41 42 43,0,30,,3802,9,0,40 41 42 43,0,70,,3816,9,0,40 41 42 43,0,30,,3806,9,0,40 41 42 43,0,70,,2906,9,0,40 41 42 43,0,30,,3815,9,0,40 41 42 43,0,70,,3801,9,0,40 41 42 43,0,30,,3804,9,0,40 41 42 43,0,70,,3809,9,0,40 41 42 43,0,30,,3817,9,0,40 41 42 43,0,70,,2448,9,0,40 41 42 43,0,30,,3810,9,0,40 41 42 43,0,70,,3800,9,0,40 41 42 43,0,30,,3803,9,0,40 41 42 43,0,70,,2450,9,0,40 41 42 43,0,30,,3811,9,0,40 41 42 43,0,70,,3808,9,0,40 41 42 43,0,30,,3814,9,0,40 41 42 43,0,70,,3812,9,0,40 41 42 43,0
100,'2',516,,3823,9,0,40 41 42 43,0,30,,2118,9,0,40 41 42 43,0,70,,2636,9,0,40 41 42 43,0,30,,3837,9,0,40 41 42 43,0,70,,191,9,0,40 41 42 43,0,30,,3836,9,0,40 41 42 43,0,70,,3360,9,0,40 41 42 43,0,30,,3819,9,0,40 41 42 43,0,70,,3829,9,0,40 41 42 43,0,30,,3820,9,0,40 41 42 43,0,70,,1830,9,0,40 41 42 43,0,30,,3840,9,0,40 41 42 43,0,70,,909,9,0,40 41 42 43,0,30,,3838,9,0,40 41 42 43,0,70,,3834,9,0,40 41 42 43,0,30,,3818,9,0,40 41 42 43,0,70,,3825,9,0,40 41 42 43,0,30,,3824,9,0,40 41 42 43,0,70,,3822,9,0,40 41 42 43,0,30,,3835,9,0,40 41 42 43,0,70,,3833,9,0,40 41 42 43,0,30,,3839,9,0,40 41 42 43,0,70,,2795,9,0,40 41 42 43,0,30,,3830,9,0,40 41 42 43,0,70,,3828,9,0,40 41 42 43,0,30,,3821,9,0,40 41 42 43,0,70,,3826,9,0,40 41 42 43,0,30,,3646,9,0,40 41 42 43,0,70,,3842,9,0,40 41 42 43,0,30,,1910,9,0,40 41 42 43,0,70,,3827,9,0,40 41 42 43,0,30,,3845,9,0,40 41 42 43,0,70,,3832,9,0,40 41 42 43,0,30,,3831,9,0,40 41 42 43,0,70,,3841,9,0,40 41 42 43,0,30,,3844,9,0,40 41 42 43,0,61,,3843,9,0,40 41 42 43,0
100,'3',516,,3861,9,0,40 41 42 43,0,30,,2520,9,0,40 41 42 43,0,70,,3856,9,0,40 41 42 43,0,30,,3862,9,0,40 41 42 43,0,70,,3872,9,0,40 41 42 43,0,30,,3866,9,0,40 41 42 43,0,70,,3869,9,0,40 41 42 43,0,30,,3848,9,0,40 41 42 43,0,70,,3854,9,0,40 41 42 43,0,30,,101,9,0,40 41 42 43,0,70,,3846,9,0,40 41 42 43,0,30,,3849,9,0,40 41 42 43,0,70,,2429,9,0,40 41 42 43,0,30,,3867,9,0,40 41 42 43,0,70,,3851,9,0,40 41 42 43,0,30,,3865,9,0,40 41 42 43,0,70,,3852,9,0,40 41 42 43,0,30,,3871,9,0,40 41 42 43,0,70,,3855,9,0,40 41 42 43,0,30,,3860,9,0,40 41 42 43,0,70,,3859,9,0,40 41 42 43,0,30,,1874,9,0,40 41 42 43,0,70,,2963,9,0,40 41 42 43,0,30,,3853,9,0,40 41 42 43,0,70,,3870,9,0,40 41 42 43,0,30,,848,9,0,40 41 42 43,0,70,,3868,9,0,40 41 42 43,0,30,,624,9,0,40 41 42 43,0,70,,3864,9,0,40 41 42 43,0,30,,3857,9,0,40 41 42 43,0,70,,3847,9,0,40 41 42 43,0,30,,3863,9,0,40 41 42 43,0,70,,3850,9,0,40 41 42 43,0,30,,970,9,0,40 41 42 43,0,70,,866,9,0,40 41 42 43,0,30,,3858,9,0,40 41 42 43,0,61,,3446,9,0,40 41 42 43,0
100,'4',516,,3887,9,0,40 41 42 43,0,30,,2499,9,0,40 41 42 43,0,70,,3882,9,0,40 41 42 43,0,30,,3888,9,0,40 41 42 43,0,70,,3898,9,0,40 41 42 43,0,30,,3892,9,0,40 41 42 43,0,70,,3895,9,0,40 41 42 43,0,30,,3875,9,0,40 41 42 43,0,70,,3881,9,0,40 41 42 43,0,30,,64,9,0,40 41 42 43,0,70,,3873,9,0,40 41 42 43,0,30,,3876,9,0,40 41 42 43,0,70,,2283,9,0,40 41 42 43,0,30,,3893,9,0,40 41 42 43,0,70,,3878,9,0,40 41 42 43,0,30,,3891,9,0,40 41 42 43,0,70,,3879,9,0,40 41 42 43,0,30,,3897,9,0,40 41 42 43,0,70,,3782,9,0,40 41 42 43,0,30,,3886,9,0,40 41 42 43,0,70,,3885,9,0,40 41 42 43,0,30,,1851,9,0,40 41 42 43,0,70,,2272,9,0,40 41 42 43,0,30,,3880,9,0,40 41 42 43,0,70,,3896,9,0,40 41 42 43,0,30,,814,9,0,40 41 42 43,0,70,,3894,9,0,40 41 42 43,0,30,,592,9,0,40 41 42 43,0,70,,3890,9,0,40 41 42 43,0,30,,3883,9,0,40 41 42 43,0,70,,3874,9,0,40 41 42 43,0,30,,3889,9,0,40 41 42 43,0,70,,3877,9,0,40 41 42 43,0,30,,936,9,0,40 41 42 43,0,70,,832,9,0,40 41 42 43,0,30,,3884,9,0,40 41 42 43,0,61,,3429,9,0,40 41 42 43,0
1600,'1',846,,5072,3,0,66 67,0,100,,5077,3,0,66 67,0,100,,5068,3,0,66 67,0,100,,5070,3,0,66 67,0,100,,5076,3,0,66 67,0,100,,5069,3,0,66 67,0,100,,5078,3,0,66 67,0,100,,5071,3,0,66 67,0,100,,3465,3,0,66 67,0,100,,5075,3,0,66 67,0,100,,5073,3,0,66 67,0,100,,5074,3,0,66 67,0
1600,'2',516,,912,3,0,66 67,0,30,,5093,3,0,66 67,0,70,,5095,3,0,66 67,0,30,,5090,3,0,66 67,0,70,,3184,3,0,66 67,0,30,,5098,3,0,66 67,0,70,,5084,3,0,66 67,0,30,,1672,3,0,66 67,0,70,,5082,3,0,66 67,0,30,,3273,3,0,66 67,0,70,,5081,3,0,66 67,0,30,,5097,3,0,66 67,0,70,,5089,3,0,66 67,0,30,,5096,3,0,66 67,0,70,,1101,3,0,66 67,0,30,,5080,3,0,66 67,0,70,,5094,3,0,66 67,0,30,,5083,3,0,66 67,0,70,,5091,3,0,66 67,0,30,,5085,3,0,66 67,0,70,,676,3,0,66 67,0,30,,2470,3,0,66 67,0,70,,5086,3,0,66 67,0,30,,2858,3,0,66 67,0,70,,3540,3,0,66 67,0,30,,5088,3,0,66 67,0,70,,5079,3,0,66 67,0,30,,5092,3,0,66 67,0,70,,1120,3,0,66 67,0,30,,5087,3,0,66 67,0
1600,'3',516,,5101,3,0,66 67,0,30,,5108,3,0,66 67,0,70,,5107,3,0,66 67,0,30,,512,3,0,66 67,0,70,,2954,3,0,66 67,0,30,,2823,3,0,66 67,0,70,,3402,3,0,66 67,0,30,,5111,3,0,66 67,0,70,,5113,3,0,66 67,0,30,,2522,3,0,66 67,0,70,,3627,3,0,66 67,0,30,,5106,3,0,66 67,0,70,,3396,3,0,66 67,0,30,,402,3,0,66 67,0,70,,5110,3,0,66 67,0,30,,2342,3,0,66 67,0,70,,5103,3,0,66 67,0,30,,3677,3,0,66 67,0,70,,5105,3,0,66 67,0,30,,5112,3,0,66 67,0,70,,1970,3,0,66 67,0,30,,5100,3,0,66 67,0,70,,5114,3,0,66 67,0,30,,5104,3,0,66 67,0,70,,5109,3,0,66 67,0,30,,5099,3,0,66 67,0,70,,533,3,0,66 67,0,30,,5102,3,0,66 67,0,70,,2049,3,0,66 67,0,30,,3506,3,0,66 67,0
1600,'4',516,,5116,3,0,66 67,0,30,,5123,3,0,66 67,0,70,,5122,3,0,66 67,0,30,,476,3,0,66 67,0,70,,2255,3,0,66 67,0,30,,2805,3,0,66 67,0,70,,3381,3,0,66 67,0,30,,5126,3,0,66 67,0,70,,5128,3,0,66 67,0,30,,2501,3,0,66 67,0,70,,3609,3,0,66 67,0,30,,5121,3,0,66 67,0,70,,3376,3,0,66 67,0,30,,365,3,0,66 67,0,70,,5125,3,0,66 67,0,30,,2325,3,0,66 67,0,70,,5118,3,0,66 67,0,30,,3661,3,0,66 67,0,70,,5120,3,0,66 67,0,30,,5127,3,0,66 67,0,70,,1947,3,0,66 67,0,30,,5115,3,0,66 67,0,70,,5129,3,0,66 67,0,30,,5119,3,0,66 67,0,70,,5124,3,0,66 67,0,30,,3771,3,0,66 67,0,70,,497,3,0,66 67,0,30,,5117,3,0,66 67,0,70,,2019,3,0,66 67,0,30,,3492,3,0,66 67,0
1800,'3',1716,,1361,3,0,44 45,0
1800,'4',1716,,1332,3,0,44 45,0
1801,'3',516,,5203,4,0,44 45,0,30,,5200,4,0,44 45,0,70,,615,4,0,44 45,0,30,,5197,4,0,44 45,0,70,,3741,4,0,44 45,0,30,,5198,4,0,44 45,0,70,,2440,4,0,44 45,0,30,,1812,4,0,44 45,0,70,,5195,4,0,44 45,0,30,,2886,4,0,44 45,0,70,,5201,4,0,44 45,0,30,,5199,4,0,44 45,0,70,,5207,4,0,44 45,0,30,,5208,4,0,44 45,0,70,,3393,4,0,44 45,0,30,,5205,4,0,44 45,0,70,,3383,4,0,44 45,0,30,,5202,4,0,44 45,0,70,,5206,4,0,44 45,0,30,,1958,4,0,44 45,0,70,,3397,4,0,44 45,0,30,,5204,4,0,44 45,0,70,,5196,4,0,44 45,0,30,,1706,4,0,44 45,0
1801,'4',516,,5217,4,0,44 45,0,30,,5214,4,0,44 45,0,70,,583,4,0,44 45,0,30,,5211,4,0,44 45,0,70,,3724,4,0,44 45,0,30,,5212,4,0,44 45,0,70,,2413,4,0,44 45,0,30,,1787,4,0,44 45,0,70,,5209,4,0,44 45,0,30,,2871,4,0,44 45,0,70,,5215,4,0,44 45,0,30,,5213,4,0,44 45,0,70,,5221,4,0,44 45,0,30,,5222,4,0,44 45,0,70,,3373,4,0,44 45,0,30,,5219,4,0,44 45,0,70,,3364,4,0,44 45,0,30,,5216,4,0,44 45,0,70,,5220,4,0,44 45,0,30,,1935,4,0,44 45,0,70,,2259,4,0,44 45,0,30,,5218,4,0,44 45,0,70,,5210,4,0,44 45,0,30,,1681,4,0,44 45,0
16001,'3',847,,5278,4,,,0
