100,897,1,0
100,954,2,0
100,1268,3,0
100,961,4,0
100,983,5,0
100,984,6,0
100,1267,7,0
100,988,8,0
100,989,9,0
100,995,10,0
100,993,11,0
100,1059,12,0
100,1384,13,0
100,1071,14,0
100,1073,15,0
100,1077,16,0
100,1078,17,1
101,1079,1,0
101,1076,2,0
101,1445,3,0
101,1061,4,0
101,1058,5,0
101,992,6,0
101,990,7,0
101,981,8,0
101,1267,9,0
101,982,10,0
101,738,11,0
101,978,12,0
101,965,13,0
101,963,14,0
101,960,15,0
101,951,16,0
101,949,17,0
101,948,18,0
101,895,19,0
101,891,20,0
101,890,21,0
101,887,22,0
101,654,23,0
101,656,24,0
101,658,25,0
101,897,26,1
200,900,1,0
200,897,2,0
200,954,3,0
200,955,4,0
200,959,5,0
200,970,6,0
200,1219,7,0
200,1030,8,0
200,1034,9,0
200,1086,10,0
200,1202,11,0
200,1101,12,0
200,1105,13,0
200,1273,14,0
200,1437,15,0
200,1122,16,0
200,1124,17,0
200,1128,18,0
200,1438,19,0
200,1439,20,0
200,1383,21,0
200,1440,22,0
200,1411,23,0
200,826,24,0
200,815,25,0
200,1412,26,0
200,770,27,0
200,765,28,0
200,767,29,0
200,786,30,0
200,776,31,0
200,775,32,0
200,779,33,0
200,782,34,0
200,784,35,0
200,794,36,0
200,853,37,0
200,860,38,0
200,861,39,0
200,1079,40,1
201,1078,1,0
201,870,2,0
201,1448,3,0
201,854,4,0
201,852,5,0
201,795,6,0
201,783,7,0
201,781,8,0
201,778,9,0
201,774,10,0
201,777,11,0
201,788,12,0
201,787,13,0
201,766,14,0
201,764,15,0
201,763,16,0
201,1460,17,0
201,1450,18,0
201,807,19,0
201,827,20,0
201,1060,21,0
201,1421,22,0
201,1422,23,0
201,1443,24,0
201,1127,25,0
201,1123,26,0
201,1218,27,0
201,1423,28,0
201,1424,29,0
201,1446,30,0
201,1442,31,0
201,1087,32,0
201,1327,33,0
201,1031,34,0
201,1018,35,0
201,1329,36,0
201,969,37,0
201,956,38,0
201,951,39,0
201,949,40,0
201,950,41,0
201,957,42,0
201,904,43,0
201,900,44,1
300,900,1,0
300,897,2,0
300,954,3,0
300,952,4,0
300,693,5,0
300,690,6,0
300,691,7,0
300,688,8,0
300,687,9,0
300,695,10,0
300,698,11,0
300,700,12,0
300,702,13,0
300,713,14,0
300,717,15,0
300,733,16,0
300,707,17,0
300,964,18,0
300,1373,19,0
300,965,20,0
300,983,21,0
300,984,22,0
300,1267,23,1
301,1267,1,0
301,985,2,0
301,980,3,0
301,978,4,0
301,1328,5,0
301,709,6,0
301,708,7,0
301,732,8,0
301,716,9,0
301,701,10,0
301,699,11,0
301,697,12,0
301,696,13,0
301,690,14,0
301,691,15,0
301,688,16,0
301,692,17,0
301,953,18,0
301,951,19,0
301,949,20,0
301,950,21,0
301,957,22,0
301,904,23,0
301,900,24,1
400,901,1,0
400,968,2,0
400,966,3,0
400,958,4,0
400,948,5,0
400,895,6,0
400,891,7,0
400,890,8,0
400,887,9,0
400,902,10,0
400,911,11,0
400,914,12,0
400,917,13,0
400,938,14,0
400,941,15,0
400,1100,16,0
400,1102,17,0
400,1135,18,0
400,1156,19,0
400,1157,20,0
400,1229,21,0
400,652,22,0
400,1216,23,0
400,1147,24,0
400,1145,25,0
400,1107,26,0
400,1092,27,0
400,1089,28,0
400,1039,29,0
400,1036,30,0
400,1234,31,0
400,1046,32,0
400,1040,33,0
400,1043,34,0
400,1044,35,0
400,1004,36,0
400,1267,37,0
400,982,38,0
400,740,39,0
400,727,40,0
400,742,41,0
400,744,42,0
400,1415,43,0
400,805,44,0
400,806,45,0
400,811,46,0
400,813,47,0
400,773,48,0
400,842,49,0
400,837,50,0
400,836,51,0
400,840,52,0
400,1225,53,0
400,850,54,0
400,851,55,0
400,868,56,0
400,873,57,0
400,875,58,0
400,876,59,0
400,1079,60,1
401,1079,1,0
401,1076,2,0
401,847,3,0
401,849,4,0
401,839,5,0
401,835,6,0
401,838,7,0
401,814,8,0
401,772,9,0
401,812,10,0
401,810,11,0
401,1461,12,0
401,804,13,0
401,1253,14,0
401,745,15,0
401,743,16,0
401,741,17,0
401,726,18,0
401,739,19,0
401,1267,20,0
401,1003,21,0
401,1042,22,0
401,1041,23,0
401,1372,24,0
401,1035,25,0
401,1038,26,0
401,1235,27,0
401,1435,28,0
401,1146,29,0
401,1391,30,0
401,1160,31,0
401,1159,32,0
401,1158,33,0
401,1326,34,0
401,1155,35,0
401,1136,36,0
401,1425,37,0
401,1098,38,0
401,940,39,0
401,939,40,0
401,915,41,0
401,913,42,0
401,912,43,0
401,910,44,0
401,903,45,0
401,888,46,0
401,892,47,0
401,901,48,1
1000,1267,1,0
1000,1005,2,0
1000,1007,3,0
1000,1009,4,0
1000,1052,5,0
1000,1050,6,0
1000,1053,7,0
1000,1055,8,0
1000,1108,9,0
1000,1186,10,0
1000,1258,11,0
1000,1114,12,0
1000,1118,13,0
1000,1123,14,0
1000,1218,15,0
1000,1120,16,0
1000,1259,17,0
1000,1163,18,0
1000,1434,19,0
1000,1169,20,0
1000,1172,21,0
1000,1174,22,0
1000,200,23,0
1000,1366,24,0
1000,1167,25,0
1000,1176,26,0
1000,1179,27,0
1000,1368,28,0
1000,1360,29,0
1000,1359,30,0
1000,1344,31,0
1000,1345,32,0
1000,1346,33,0
1000,1378,34,0
1000,1377,35,0
1000,1380,36,0
1000,1379,37,1
1001,1379,1,0
1001,1383,2,0
1001,1357,3,0
1001,1382,4,0
1001,1376,5,0
1001,1336,6,0
1001,1337,7,0
1001,1422,8,0
1001,1443,9,0
1001,1127,10,0
1001,1126,11,0
1001,1115,12,0
1001,1113,13,0
1001,1112,14,0
1001,1110,15,0
1001,1109,16,0
1001,1054,17,0
1001,1049,18,0
1001,1051,19,0
1001,1227,20,0
1001,1008,21,0
1001,1006,22,0
1001,1004,23,0
1001,1267,24,1
1100,900,1,0
1100,895,2,0
1100,891,3,0
1100,890,4,0
1100,887,5,0
1100,902,6,0
1100,922,7,0
1100,923,8,0
1100,925,9,0
1100,931,10,0
1100,933,11,0
1100,935,12,0
1100,1312,13,0
1100,1314,14,0
1100,1315,15,0
1100,1334,16,0
1100,1316,17,0
1100,1350,18,0
1100,1347,19,0
1100,1151,20,0
1100,1152,21,0
1100,1149,22,0
1100,1139,23,0
1100,1132,24,0
1100,1138,25,0
1100,941,26,0
1100,1097,27,0
1100,1094,28,0
1100,1084,29,0
1100,1212,30,0
1100,1033,31,0
1100,1017,32,0
1100,1427,33,0
1100,1019,34,0
1100,1025,35,0
1100,1027,36,0
1100,1022,37,0
1100,1020,38,0
1100,975,39,0
1100,973,40,0
1100,972,41,0
1100,987,42,0
1100,1001,43,0
1100,1002,44,0
1100,1004,45,0
1100,1267,46,1
1101,1267,1,0
1101,1003,2,0
1101,1000,3,0
1101,999,4,0
1101,986,5,0
1101,971,6,0
1101,974,7,0
1101,976,8,0
1101,1021,9,0
1101,1023,10,0
1101,1028,11,0
1101,1026,12,0
1101,1024,13,0
1101,1428,14,0
1101,1429,15,0
1101,1029,16,0
1101,1032,17,0
1101,1085,18,0
1101,1095,19,0
1101,1096,20,0
1101,1431,21,0
1101,1206,22,0
1101,1262,23,0
1101,1201,24,0
1101,1131,25,0
1101,1154,26,0
1101,1153,27,0
1101,1150,28,0
1101,1348,29,0
1101,1349,30,0
1101,1351,31,0
1101,1352,32,0
1101,1353,33,0
1101,1338,34,0
1101,1313,35,0
1101,936,36,0
1101,934,37,0
1101,932,38,0
1101,930,39,0
1101,924,40,0
1101,921,41,0
1101,903,42,0
1101,888,43,0
1101,892,44,0
1101,897,45,0
1101,950,46,0
1101,957,47,0
1101,904,48,0
1101,900,49,1
1200,880,1,0
1200,653,2,0
1200,636,3,0
1200,1393,4,0
1200,1394,5,0
1200,656,6,0
1200,705,7,0
1200,950,8,0
1200,957,9,0
1200,904,10,0
1200,900,11,1
1201,900,1,0
1201,895,2,0
1201,891,3,0
1201,890,4,0
1201,887,5,0
1201,877,6,0
1201,879,7,0
1201,880,8,1
1300,900,1,0
1300,897,2,0
1300,706,3,0
1300,693,4,0
1300,690,5,0
1300,691,6,0
1300,688,7,0
1300,685,8,0
1300,674,9,0
1300,673,10,0
1300,676,11,0
1300,679,12,0
1300,681,13,0
1300,711,14,0
1300,713,15,0
1300,729,16,0
1300,734,17,0
1300,1267,18,1
1301,1267,1,0
1301,982,2,0
1301,731,3,0
1301,728,4,0
1301,716,5,0
1301,712,6,0
1301,710,7,0
1301,680,8,0
1301,677,9,0
1301,672,10,0
1301,675,11,0
1301,684,12,0
1301,688,13,0
1301,692,14,0
1301,705,15,0
1301,948,16,0
1301,895,17,0
1301,893,18,0
1301,898,19,0
1301,907,20,0
1301,909,21,0
1301,906,22,0
1301,904,23,0
1301,900,24,1
1500,1267,1,0
1500,982,2,0
1500,740,3,0
1500,645,4,0
1500,724,5,0
1500,725,6,0
1500,650,7,0
1500,757,8,0
1500,760,9,0
1500,800,10,0
1500,820,11,0
1500,822,12,0
1500,1056,13,0
1500,1417,14,0
1500,1060,15,0
1500,1064,16,0
1500,1065,17,0
1500,1066,18,0
1500,1068,19,0
1500,1192,20,0
1500,1071,21,0
1500,1072,22,1
1501,1072,1,0
1501,866,2,0
1501,1232,3,0
1501,846,4,0
1501,843,5,0
1501,844,6,0
1501,864,7,0
1501,832,8,0
1501,834,9,0
1501,1194,10,0
1501,1061,11,0
1501,1058,12,0
1501,825,13,0
1501,824,14,0
1501,823,15,0
1501,798,16,0
1501,1418,17,0
1501,1413,18,0
1501,649,19,0
1501,723,20,0
1501,722,21,0
1501,646,22,0
1501,724,23,0
1501,739,24,0
1501,981,25,0
1501,1267,26,1
1600,1267,1,0
1600,989,2,0
1600,995,3,0
1600,1414,4,0
1600,821,5,0
1600,818,6,0
1600,802,7,0
1600,799,8,0
1600,683,9,0
1600,648,10,0
1600,644,11,0
1600,642,12,0
1600,638,13,0
1600,747,14,0
1600,748,15,0
1600,1319,16,0
1600,660,17,0
1600,663,18,0
1600,667,19,1
1601,667,1,0
1601,1447,2,0
1601,758,3,0
1601,1418,4,0
1601,1413,5,0
1601,649,6,0
1601,723,7,0
1601,739,8,0
1601,981,9,0
1601,1267,10,1
1800,1267,1,0
1800,996,2,0
1800,994,3,0
1800,995,4,0
1800,1059,5,0
1800,1384,6,0
1800,1071,7,0
1800,1073,8,0
1800,1381,9,0
1800,1083,10,1
1801,1267,1,0
1801,996,2,0
1801,994,3,0
1801,995,4,0
1801,1059,5,0
1801,1384,6,0
1801,1071,7,0
1801,1073,8,0
1801,1381,9,0
1801,1083,10,0
1801,1082,11,0
1801,1080,12,0
1801,1069,13,0
1801,997,14,0
1801,992,15,0
1801,990,16,0
1901,1078,1,0
1901,870,2,0
1901,874,3,0
1901,872,4,0
1901,871,5,0
1901,848,6,0
1901,793,7,0
1901,1449,8,0
1901,755,9,0
1901,1389,10,0
1901,662,11,0
1901,670,12,0
1901,671,13,0
1901,1371,14,0
1901,780,15,0
1901,785,16,0
1901,797,17,0
1901,1226,18,0
1901,853,19,0
1901,860,20,0
1901,861,21,0
1901,1079,22,0
11100,996,1,0
11100,1009,2,0
11100,1052,3,0
11100,1050,4,0
11100,1053,5,0
11100,1055,6,0
11100,1108,7,0
11100,1111,8,0
11100,1122,9,0
11100,1124,10,0
11100,1368,11,0
11100,1360,12,0
11100,1359,13,0
11100,1344,14,0
11100,1345,15,0
11100,1346,16,0
11100,1378,17,0
11100,1377,18,0
11100,1380,19,0
11100,1379,20,0
11100,1451,21,0
11100,1383,22,0
11100,1357,23,0
11100,1382,24,0
11100,1376,25,0
11100,1336,26,0
11100,1337,27,1
11101,1368,1,0
11101,1360,2,0
11101,1359,3,0
11101,1344,4,0
11101,1345,5,0
11101,1346,6,0
11101,1378,7,0
11101,1377,8,0
11101,1380,9,0
11101,1379,10,0
11101,1451,11,0
11101,1383,12,0
11101,1357,13,0
11101,1382,14,0
11101,1376,15,0
11101,1336,16,0
11101,1337,17,0
11101,1422,18,0
11101,1443,19,0
11101,1127,20,0
11101,1123,21,0
11101,1121,22,0
11101,1110,23,0
11101,1109,24,0
11101,1054,25,0
11101,1330,26,0
11101,1004,27,0
11101,996,28,1
11200,996,1,0
11200,727,2,0
11200,742,3,0
11200,744,4,0
11200,821,5,0
11200,818,6,0
11200,802,7,0
11200,799,8,0
11200,683,9,0
11200,757,10,0
11200,759,11,0
11200,1450,12,0
11200,807,13,0
11200,827,14,0
11200,1384,15,0
11200,1062,16,0
11200,1075,17,0
11200,1067,18,0
11200,1238,19,0
11200,1452,20,0
11200,1357,21,0
11200,1382,22,0
11200,1376,23,0
11200,1336,24,0
11200,1337,25,1
11201,1382,1,0
11201,1376,2,0
11201,1336,3,0
11201,1337,4,0
11201,1383,5,0
11201,1357,6,0
11201,1064,7,0
11201,1065,8,0
11201,1066,9,0
11201,1068,10,0
11201,1192,11,0
11201,1445,12,0
11201,1194,13,0
11201,1061,14,0
11201,826,15,0
11201,815,16,0
11201,1412,17,0
11201,758,18,0
11201,1418,19,0
11201,1413,20,0
11201,651,21,0
11201,801,22,0
11201,803,23,0
11201,745,24,0
11201,743,25,0
11201,741,26,0
11201,726,27,0
11201,739,28,0
11201,981,29,0
11201,996,30,1
11300,996,1,0
11300,722,2,0
11300,646,3,0
11300,724,4,0
11300,725,5,0
11300,648,6,0
11300,644,7,0
11300,642,8,0
11300,638,9,0
11300,747,10,0
11300,748,11,0
11300,1319,12,0
11300,660,13,0
11300,663,14,0
11300,667,15,1
11301,668,1,0
11301,666,2,0
11301,665,3,0
11301,664,4,0
11301,659,5,0
11301,661,6,0
11301,746,7,0
11301,751,8,0
11301,640,9,0
11301,639,10,0
11301,641,11,0
11301,637,12,0
11301,682,13,0
11301,643,14,0
11301,647,15,0
11301,723,16,0
11301,722,17,0
11301,646,18,0
11301,724,19,0
11301,996,20,1
12000,1036,1,0
12000,1234,2,0
12000,1047,3,0
12000,1053,4,0
12000,1055,5,0
12000,1108,6,0
12000,1186,7,0
12000,1258,8,0
12000,1114,9,0
12000,1118,10,0
12000,1123,11,0
12000,1218,12,0
12000,1119,13,0
12000,1197,14,0
12000,1196,15,1
12001,1186,1,0
12001,1258,2,0
12001,1114,3,0
12001,1118,4,0
12001,1123,5,0
12001,1218,6,0
12001,1119,7,0
12001,1197,8,0
12001,1196,9,0
12001,1110,10,0
12001,1109,11,0
12001,1036,12,1
12100,1036,1,0
12100,1234,2,0
12100,1047,3,0
12100,1053,4,0
12100,1055,5,0
12100,1108,6,0
12100,1111,7,0
12100,1122,8,0
12100,1125,9,0
12100,1161,10,0
12100,1165,11,0
12100,1167,12,0
12100,1176,13,0
12100,1179,14,0
12100,1366,15,0
12100,1364,16,0
12100,1198,17,0
12100,1163,18,0
12100,1148,19,0
12100,1147,20,0
12100,1145,21,1
12101,1125,1,0
12101,1161,2,0
12101,1165,3,0
12101,1167,4,0
12101,1176,5,0
12101,1179,6,0
12101,1366,7,0
12101,1364,8,0
12101,1198,9,0
12101,1163,10,0
12101,1148,11,0
12101,1147,12,0
12101,1145,13,0
12101,1107,14,0
12101,1092,15,0
12101,1089,16,0
12101,1039,17,0
12101,1036,18,1
12200,1036,1,0
12200,1028,2,0
12200,1026,3,0
12200,1024,4,0
12200,1428,5,0
12200,1429,6,0
12200,1396,7,0
12200,1397,8,0
12200,911,9,0
12200,1457,10,0
12200,925,11,0
12200,931,12,0
12200,933,13,1
12201,1396,1,0
12201,1397,2,0
12201,911,3,0
12201,1457,4,0
12201,925,5,0
12201,931,6,0
12201,933,7,0
12201,941,8,0
12201,1100,9,0
12201,1101,10,0
12201,1105,11,0
12201,1092,12,0
12201,1089,13,0
12201,1039,14,0
12201,1036,15,1
12300,1036,1,0
12300,1028,2,0
12300,1026,3,0
12300,1024,4,0
12300,1428,5,0
12300,1429,6,0
12300,1208,7,0
12300,1207,8,0
12300,920,9,0
12300,929,10,0
12300,1205,11,0
12300,1206,12,0
12300,1262,13,0
12300,1201,14,0
12300,1130,15,0
12300,1097,16,0
12300,1204,17,0
12300,1203,18,0
12300,1202,19,0
12300,1102,20,0
12300,1135,21,0
12300,1224,22,0
12300,1322,23,0
12300,1104,24,0
12300,1091,25,1
12301,1208,1,0
12301,1207,2,0
12301,920,3,0
12301,929,4,0
12301,1205,5,0
12301,1206,6,0
12301,1262,7,0
12301,1201,8,0
12301,1130,9,0
12301,1097,10,0
12301,1204,11,0
12301,1203,12,0
12301,1202,13,0
12301,1102,14,0
12301,1135,15,0
12301,1224,16,0
12301,1322,17,0
12301,1104,18,0
12301,1091,19,0
12301,1092,20,0
12301,1089,21,0
12301,1039,22,0
12301,1036,23,1
13000,1323,1,0
13000,1227,2,0
13000,1008,3,0
13000,990,4,0
13000,988,5,1
13001,1267,1,0
13001,1271,2,1
13100,1271,1,0
13100,1227,2,0
13100,1008,3,0
13100,993,4,0
13100,1059,5,0
13100,1384,6,0
13100,1193,7,0
13100,865,8,0
13100,863,9,0
13100,1191,10,0
13100,1187,11,0
13100,828,12,0
13100,832,13,0
13100,834,14,0
13100,1062,15,0
13100,1075,16,0
13100,1067,17,0
13100,1238,18,0
13100,1452,19,1
13101,1193,1,0
13101,865,2,0
13101,863,3,0
13101,1191,4,0
13101,1187,5,0
13101,828,6,0
13101,832,7,0
13101,834,8,0
13101,1062,9,0
13101,1075,10,0
13101,1067,11,0
13101,1238,12,0
13101,1452,13,0
13101,1058,14,0
13101,992,15,0
13101,1271,16,1
13200,1271,1,0
13200,1227,2,0
13200,1008,3,0
13200,727,4,0
13200,742,5,0
13200,744,6,0
13200,821,7,0
13200,818,8,0
13200,802,9,0
13200,799,10,0
13200,683,11,0
13200,757,12,0
13200,760,13,0
13200,800,14,0
13200,805,15,0
13200,806,16,1
13201,804,1,0
13201,798,2,0
13201,761,3,0
13201,1418,4,0
13201,1413,5,0
13201,651,6,0
13201,801,7,0
13201,803,8,0
13201,745,9,0
13201,743,10,0
13201,741,11,0
13201,726,12,0
13201,739,13,0
13201,981,14,0
13201,1005,15,0
13201,1007,16,0
13201,1009,17,0
13201,1271,18,1
13300,1271,1,0
13300,1227,2,0
13300,1008,3,0
13300,725,4,0
13300,648,5,0
13300,644,6,0
13300,642,7,0
13300,638,8,0
13300,747,9,0
13300,748,10,0
13300,1319,11,0
13300,660,12,0
13300,663,13,0
13300,667,14,1
13301,761,1,0
13301,1264,2,0
13301,1263,3,0
13301,752,4,0
13301,668,5,0
13301,666,6,0
13301,665,7,0
13301,664,8,0
13301,659,9,0
13301,661,10,0
13301,746,11,0
13301,751,12,0
13301,640,13,0
13301,639,14,0
13301,641,15,0
13301,637,16,0
13301,682,17,0
13301,643,18,0
13301,647,19,0
13301,723,20,0
13301,739,21,0
13301,981,22,0
13301,996,23,0
13301,1005,24,0
13301,1007,25,0
13301,1009,26,0
13301,1271,27,1
13400,1271,1,0
13400,1227,2,0
13400,1008,3,0
13400,993,4,0
13400,1059,5,0
13400,1384,6,0
13400,1071,7,0
13400,1072,8,0
13400,866,9,0
13400,1232,10,0
13400,839,11,0
13400,835,12,0
13400,838,13,0
13400,814,14,0
13400,772,15,0
13400,812,16,0
13400,810,17,0
13400,807,18,0
13400,827,19,0
13400,1060,20,1
13401,1072,1,0
13401,866,2,0
13401,1232,3,0
13401,839,4,0
13401,835,5,0
13401,838,6,0
13401,814,7,0
13401,772,8,0
13401,812,9,0
13401,810,10,0
13401,807,11,0
13401,827,12,0
13401,1058,13,0
13401,992,14,0
13401,1271,15,1
13500,1271,1,0
13500,1052,2,0
13500,1050,3,0
13500,1053,4,0
13500,1055,5,0
13500,1108,6,0
13500,1186,7,0
13500,1258,8,0
13500,1114,9,0
13500,1118,10,0
13500,1124,11,0
13500,1368,12,0
13500,1360,13,0
13500,1359,14,0
13500,1344,15,0
13500,1345,16,0
13500,1346,17,0
13500,1378,18,0
13500,1377,19,0
13500,1380,20,0
13500,1379,21,1
13501,1368,1,0
13501,1360,2,0
13501,1359,3,0
13501,1344,4,0
13501,1345,5,0
13501,1346,6,0
13501,1378,7,0
13501,1377,8,0
13501,1380,9,0
13501,1379,10,0
13501,1451,11,0
13501,1383,12,0
13501,1357,13,0
13501,1382,14,0
13501,1376,15,0
13501,1336,16,0
13501,1337,17,0
13501,1422,18,0
13501,1443,19,0
13501,1127,20,0
13501,1126,21,0
13501,1115,22,0
13501,1113,23,0
13501,1112,24,0
13501,1110,25,0
13501,1109,26,0
13501,1054,27,0
13501,1049,28,0
13501,1051,29,0
13501,1271,30,1
13600,1271,1,0
13600,1052,2,0
13600,1050,3,0
13600,1048,4,0
13600,1317,5,0
13600,1028,6,0
13600,1026,7,0
13600,1024,8,0
13600,1018,9,0
13600,1329,10,0
13600,1014,11,0
13600,1012,12,0
13600,1011,13,0
13600,1015,14,0
13600,1208,15,0
13600,1032,16,0
13600,1085,17,0
13600,1204,18,0
13600,1203,19,0
13600,1088,20,0
13600,1090,21,0
13600,1103,22,0
13600,1106,23,0
13600,1256,24,0
13600,1141,25,0
13600,1134,26,1
13601,1204,1,0
13601,1203,2,0
13601,1088,3,0
13601,1090,4,0
13601,1103,5,0
13601,1106,6,0
13601,1256,7,0
13601,1141,8,0
13601,1134,9,0
13601,1132,10,0
13601,1130,11,0
13601,1097,12,0
13601,1094,13,0
13601,1084,14,0
13601,1212,15,0
13601,1033,16,0
13601,1385,17,0
13601,1016,18,0
13601,1010,19,0
13601,1013,20,0
13601,1210,21,0
13601,1219,22,0
13601,1019,23,0
13601,1025,24,0
13601,1027,25,0
13601,1234,26,0
13601,1047,27,0
13601,1049,28,0
13601,1051,29,0
13601,1271,30,1
13700,1271,1,0
13700,1052,2,0
13700,1050,3,0
13700,1053,4,0
13700,1055,5,0
13700,1108,6,0
13700,1454,7,0
13700,1455,8,0
13700,1116,9,0
13700,1273,10,0
13700,1437,11,0
13700,1122,12,0
13700,1125,13,0
13700,1161,14,0
13700,1165,15,0
13700,1167,16,0
13700,1176,17,0
13700,1179,18,0
13700,200,19,0
13700,1366,20,0
13700,1364,21,0
13700,1198,22,0
13700,1392,23,0
13700,1148,24,0
13700,1147,25,0
13700,1145,26,0
13700,1107,27,1
13701,1125,1,0
13701,1161,2,0
13701,1165,3,0
13701,1167,4,0
13701,1176,5,0
13701,1179,6,0
13701,200,7,0
13701,1366,8,0
13701,1364,9,0
13701,1198,10,0
13701,1163,11,0
13701,1148,12,0
13701,1147,13,0
13701,1145,14,0
13701,1107,15,0
13701,1093,16,0
13701,1117,17,0
13701,1197,18,0
13701,1196,19,0
13701,1110,20,0
13701,1109,21,0
13701,1054,22,0
13701,1049,23,0
13701,1051,24,0
13701,1271,25,1
13800,1271,1,0
13800,1227,2,0
13800,1008,3,0
13800,993,4,0
13800,1059,5,0
13800,826,6,0
13800,815,7,0
13800,1412,8,0
13800,770,9,0
13800,765,10,0
13800,767,11,0
13800,789,12,0
13800,1237,13,0
13800,853,14,0
13800,860,15,0
13800,861,16,0
13800,858,17,0
13800,855,18,0
13800,851,19,0
13800,868,20,0
13800,873,21,0
13800,875,22,0
13800,876,23,0
13800,1079,24,1
13801,1078,1,0
13801,870,2,0
13801,874,3,0
13801,872,4,0
13801,871,5,0
13801,856,6,0
13801,857,7,0
13801,859,8,0
13801,862,9,0
13801,1448,10,0
13801,854,11,0
13801,852,12,0
13801,796,13,0
13801,787,14,0
13801,766,15,0
13801,764,16,0
13801,763,17,0
13801,1450,18,0
13801,807,19,0
13801,827,20,0
13801,1058,21,0
13801,992,22,0
13801,1271,23,1
13900,1271,1,0
13900,1227,2,0
13900,1008,3,0
13900,722,4,0
13900,646,5,0
13900,724,6,0
13900,725,7,0
13900,650,8,0
13900,757,9,0
13900,759,10,0
13900,770,11,0
13900,765,12,0
13900,767,13,0
13900,786,14,0
13900,776,15,0
13900,775,16,0
13900,779,17,0
13900,782,18,0
13900,784,19,0
13900,794,20,1
13901,795,1,0
13901,783,2,0
13901,781,3,0
13901,778,4,0
13901,774,5,0
13901,777,6,0
13901,788,7,0
13901,787,8,0
13901,766,9,0
13901,764,10,0
13901,763,11,0
13901,758,12,0
13901,1418,13,0
13901,1413,14,0
13901,723,15,0
13901,722,16,0
13901,646,17,0
13901,724,18,0
13901,739,19,0
13901,981,20,0
13901,1005,21,0
13901,1007,22,0
13901,1009,23,0
13901,1271,24,1
14000,1379,1,0
14000,1422,2,0
14000,1443,3,0
14000,1127,4,0
14000,1123,5,0
14000,1121,6,0
14000,1110,7,0
14000,1109,8,0
14000,1054,9,0
14000,1330,10,0
14000,1004,11,0
14000,988,12,1
14001,1267,1,0
14001,1003,2,0
14001,1053,3,0
14001,1055,4,0
14001,1108,5,0
14001,1111,6,0
14001,1122,7,0
14001,1124,8,0
14001,1128,9,0
14001,1438,10,0
14001,1439,11,0
14001,1379,12,1
14100,1379,1,0
14100,1383,2,0
14100,1440,3,0
14100,1411,4,0
14100,1384,5,0
14100,1071,6,0
14100,1073,7,0
14100,1077,8,0
14100,1078,9,0
14100,870,10,0
14100,874,11,0
14100,872,12,0
14100,871,13,0
14100,856,14,0
14100,857,15,0
14100,859,16,0
14100,862,17,0
14100,1448,18,0
14100,854,19,0
14100,852,20,0
14100,795,21,0
14100,783,22,0
14100,781,23,0
14100,778,24,0
14100,774,25,0
14100,777,26,0
14100,788,27,1
14101,786,1,0
14101,776,2,0
14101,775,3,0
14101,779,4,0
14101,782,5,0
14101,784,6,0
14101,794,7,0
14101,853,8,0
14101,860,9,0
14101,861,10,0
14101,858,11,0
14101,855,12,0
14101,851,13,0
14101,868,14,0
14101,873,15,0
14101,875,16,0
14101,876,17,0
14101,1079,18,0
14101,1076,19,0
14101,1444,20,0
14101,1445,21,0
14101,1194,22,0
14101,1061,23,0
14101,1060,24,0
14101,1421,25,0
14101,1379,26,1
14200,1379,1,0
14200,1383,2,0
14200,1440,3,0
14200,1064,4,0
14200,1065,5,0
14200,1066,6,0
14200,1068,7,0
14200,1192,8,0
14200,1193,9,0
14200,865,10,0
14200,863,11,0
14200,1191,12,0
14200,1187,13,0
14200,828,14,0
14200,832,15,0
14200,834,16,0
14200,1071,17,0
14200,1072,18,0
14200,866,19,0
14200,1232,20,0
14200,839,21,0
14200,835,22,0
14200,838,23,0
14200,814,24,0
14200,772,25,0
14200,812,26,0
14200,810,27,0
14200,804,28,0
14200,798,29,0
14200,761,30,1
14201,760,1,0
14201,800,2,0
14201,805,3,0
14201,806,4,0
14201,811,5,0
14201,813,6,0
14201,773,7,0
14201,842,8,0
14201,837,9,0
14201,836,10,0
14201,840,11,0
14201,1233,12,0
14201,867,13,0
14201,869,14,0
14201,1444,15,0
14201,1193,16,0
14201,865,17,0
14201,863,18,0
14201,1191,19,0
14201,1187,20,0
14201,828,21,0
14201,832,22,0
14201,834,23,0
14201,1062,24,0
14201,1075,25,0
14201,1067,26,0
14201,1238,27,0
14201,1452,28,0
14201,1421,29,0
14201,1379,30,1
14300,1379,1,0
14300,1422,2,0
14300,1443,3,0
14300,1127,4,0
14300,1126,5,0
14300,1115,6,0
14300,1113,7,0
14300,1112,8,0
14300,1454,9,0
14300,1455,10,0
14300,1120,11,0
14300,1259,12,0
14300,1456,13,0
14300,1171,14,0
14300,1168,15,0
14300,1170,16,0
14300,1216,17,0
14300,1147,18,0
14300,1145,19,0
14300,1107,20,0
14300,1092,21,0
14300,1089,22,0
14300,1039,23,0
14300,1036,24,1
14301,1035,1,0
14301,619,2,0
14301,1038,3,0
14301,1235,4,0
14301,1435,5,0
14301,1146,6,0
14301,1391,7,0
14301,1169,8,0
14301,1172,9,0
14301,1198,10,0
14301,1392,11,0
14301,1119,12,0
14301,1197,13,0
14301,1196,14,0
14301,1186,15,0
14301,1258,16,0
14301,1114,17,0
14301,1118,18,0
14301,1124,19,0
14301,1128,20,0
14301,1438,21,0
14301,1439,22,0
14301,1379,23,1
14400,1379,1,0
14400,1451,2,0
14400,1383,3,0
14400,1357,4,0
14400,1382,5,0
14400,1376,6,0
14400,1336,7,0
14400,1337,8,0
14400,1422,9,0
14400,1243,10,0
14400,1244,11,0
14400,1245,12,0
14400,1358,13,0
14400,1361,14,0
14400,1367,15,0
14400,1178,16,0
14400,1177,17,0
14400,1175,18,0
14400,1166,19,0
14400,1363,20,0
14400,1365,21,0
14400,1173,22,1
14401,1174,1,0
14401,200,2,0
14401,1366,3,0
14401,1364,4,0
14401,1165,5,0
14401,1167,6,0
14401,1176,7,0
14401,1179,8,0
14401,1368,9,0
14401,1360,10,0
14401,1359,11,0
14401,1344,12,0
14401,1345,13,0
14401,1346,14,0
14401,1180,15,0
14401,1181,16,0
14401,1421,17,0
14401,1451,18,0
14401,1379,19,1
15000,1134,1,0
15000,1132,2,0
15000,1130,3,0
15000,1100,4,0
15000,1101,5,0
15000,1105,6,0
15000,1273,7,0
15000,1437,8,0
15000,1121,9,0
15000,1110,10,0
15000,1109,11,0
15000,1054,12,0
15000,1330,13,0
15000,1004,14,0
15000,988,15,1
15001,1267,1,0
15001,1003,2,0
15001,1053,3,0
15001,1055,4,0
15001,1108,5,0
15001,1111,6,0
15001,1218,7,0
15001,1134,8,0
15001,1132,9,0
15001,1130,10,1
15100,1134,1,0
15100,1132,2,0
15100,1130,3,0
15100,1100,4,0
15100,1442,5,0
15100,1087,6,0
15100,1327,7,0
15100,1031,8,0
15100,1018,9,0
15100,1329,10,0
15100,969,11,0
15100,956,12,0
15100,951,13,0
15100,949,14,0
15100,948,15,0
15100,895,16,0
15100,893,17,0
15100,898,18,0
15100,1221,19,0
15100,1220,20,0
15100,907,21,0
15100,909,22,0
15100,906,23,0
15100,904,24,0
15100,900,25,0
15100,897,26,0
15100,954,27,0
15100,952,28,0
15100,693,29,0
15100,674,30,0
15100,673,31,0
15100,676,32,0
15100,679,33,0
15100,681,34,0
15100,711,35,0
15100,701,36,0
15100,699,37,0
15100,697,38,0
15100,696,39,0
15100,686,40,0
15100,692,41,1
15101,674,1,0
15101,673,2,0
15101,676,3,0
15101,679,4,0
15101,681,5,0
15101,711,6,0
15101,701,7,0
15101,699,8,0
15101,697,9,0
15101,696,10,0
15101,686,11,0
15101,692,12,0
15101,953,13,0
15101,951,14,0
15101,949,15,0
15101,948,16,0
15101,895,17,0
15101,893,18,0
15101,898,19,0
15101,1221,20,0
15101,1220,21,0
15101,907,22,0
15101,909,23,0
15101,906,24,0
15101,904,25,0
15101,900,26,0
15101,897,27,0
15101,954,28,0
15101,955,29,0
15101,959,30,0
15101,970,31,0
15101,1219,32,0
15101,1030,33,0
15101,1034,34,0
15101,1086,35,0
15101,1202,36,0
15101,1102,37,0
15101,1135,38,0
15101,1134,39,0
15101,1132,40,0
15101,1130,41,1
15200,1134,1,0
15200,1132,2,0
15200,1130,3,0
15200,1100,4,0
15200,1101,5,0
15200,1105,6,0
15200,1273,7,0
15200,1119,8,0
15200,1197,9,0
15200,1196,10,0
15200,1186,11,0
15200,1258,12,0
15200,1114,13,0
15200,1118,14,0
15200,1125,15,0
15200,1161,16,0
15200,1165,17,0
15200,1167,18,0
15200,1176,19,0
15200,1179,20,0
15200,200,21,0
15200,1366,22,0
15200,1364,23,0
15200,1198,24,0
15200,1163,25,0
15200,1148,26,0
15200,1147,27,0
15200,1145,28,1
15201,1119,1,0
15201,1197,2,0
15201,1196,3,0
15201,1186,4,0
15201,1258,5,0
15201,1114,6,0
15201,1118,7,0
15201,1125,8,0
15201,1161,9,0
15201,1165,10,0
15201,1167,11,0
15201,1176,12,0
15201,1179,13,0
15201,200,14,0
15201,1366,15,0
15201,1364,16,0
15201,1198,17,0
15201,1163,18,0
15201,1148,19,0
15201,1147,20,0
15201,1145,21,0
15201,1143,22,0
15201,1141,23,0
15201,1134,24,0
15201,1132,25,0
15201,1130,26,1
15300,1134,1,0
15300,1132,2,0
15300,1130,3,0
15300,1100,4,0
15300,1102,5,0
15300,1135,6,0
15300,1211,7,0
15300,1213,8,0
15300,1153,9,0
15300,1150,10,0
15300,1348,11,0
15300,1349,12,0
15300,1351,13,0
15300,1352,14,0
15300,1353,15,0
15300,1338,16,0
15300,1313,17,0
15300,936,18,0
15300,934,19,0
15300,932,20,0
15300,930,21,0
15300,924,22,0
15300,1209,23,0
15300,913,24,0
15300,912,25,0
15300,1396,26,0
15300,1397,27,1
15301,1396,1,0
15301,1397,2,0
15301,911,3,0
15301,1457,4,0
15301,925,5,0
15301,931,6,0
15301,933,7,0
15301,935,8,0
15301,1312,9,0
15301,1314,10,0
15301,1315,11,0
15301,1334,12,0
15301,1316,13,0
15301,1350,14,0
15301,1347,15,0
15301,1151,16,0
15301,1152,17,0
15301,1155,18,0
15301,1134,19,0
15301,1132,20,0
15301,1130,21,1
15400,1134,1,0
15400,1132,2,0
15400,1130,3,0
15400,1100,4,0
15400,1442,5,0
15400,1087,6,0
15400,1327,7,0
15400,1031,8,0
15400,1018,9,0
15400,1329,10,0
15400,969,11,0
15400,956,12,0
15400,952,13,0
15400,693,14,0
15400,674,15,0
15400,673,16,0
15400,676,17,0
15400,679,18,0
15400,681,19,0
15400,711,20,0
15400,701,21,0
15400,699,22,0
15400,697,23,0
15400,696,24,1
15401,674,1,0
15401,673,2,0
15401,676,3,0
15401,679,4,0
15401,681,5,0
15401,711,6,0
15401,701,7,0
15401,699,8,0
15401,697,9,0
15401,696,10,0
15401,686,11,0
15401,692,12,0
15401,953,13,0
15401,955,14,0
15401,959,15,0
15401,970,16,0
15401,1219,17,0
15401,1030,18,0
15401,1034,19,0
15401,1086,20,0
15401,1202,21,0
15401,1134,22,0
15401,1132,23,0
15401,1130,24,1
16001,1267,1,0
16001,996,2,0
16001,994,3,0
16001,995,4,0
16001,993,5,0
16001,1059,6,0
16001,1068,7,1
