200,'1',819,,295,1,0,18,0,30,,275,1,0,18,0,70,,279,1,0,18,0,30,,280,1,0,18,0,70,,291,1,0,18,0,30,,285,1,0,18,0,70,,284,1,0,18,0,30,,293,1,0,18,0,70,,287,1,0,18,0,30,,289,1,0,18,0,70,,286,1,0,18,0,30,,292,1,0,18,0,70,,276,1,0,18,0,30,,296,1,0,18,0,70,,278,1,0,18,0,30,,294,1,0,18,0,70,,273,1,0,18,0,30,,290,1,0,18,0,70,,274,1,0,18,0,30,,283,1,0,18,0,70,,282,1,0,18,0,30,,288,1,0,18,0,70,,281,1,0,18,0,30,,277,1,0,18,0
200,'2',519,,325,1,0,18,0,30,,326,1,0,18,0,70,,330,1,0,18,0,30,,328,1,0,18,0,70,,316,1,0,18,0,30,,304,1,0,18,0,70,,323,1,0,18,0,30,,333,1,0,18,0,70,,300,1,0,18,0,30,,309,1,0,18,0,70,,322,1,0,18,0,30,,329,1,0,18,0,70,,315,1,0,18,0,30,,321,1,0,18,0,70,,303,1,0,18,0,30,,331,1,0,18,0,70,,305,1,0,18,0,30,,299,1,0,18,0,70,,320,1,0,18,0,30,,313,1,0,18,0,70,,310,1,0,18,0,30,,308,1,0,18,0,70,,311,1,0,18,0,30,,327,1,0,18,0,70,,317,1,0,18,0,30,,306,1,0,18,0,70,,318,1,0,18,0,30,,319,1,0,18,0,70,,297,1,0,18,0,30,,312,1,0,18,0,70,,298,1,0,18,0,30,,307,1,0,18,0,70,,314,1,0,18,0,30,,332,1,0,18,0,70,,302,1,0,18,0,30,,301,1,0,18,0,70,,324,1,0,18,0
200,'3',519,,338,1,0,18,0,30,,365,1,0,18,0,70,,340,1,0,18,0,30,,341,1,0,18,0,70,,370,1,0,18,0,30,,359,1,0,18,0,70,,348,1,0,18,0,30,,356,1,0,18,0,70,,335,1,0,18,0,30,,346,1,0,18,0,70,,351,1,0,18,0,30,,352,1,0,18,0,70,,369,1,0,18,0,30,,342,1,0,18,0,70,,368,1,0,18,0,30,,355,1,0,18,0,70,,336,1,0,18,0,30,,349,1,0,18,0,70,,334,1,0,18,0,30,,347,1,0,18,0,70,,354,1,0,18,0,30,,363,1,0,18,0,70,,358,1,0,18,0,30,,343,1,0,18,0,70,,364,1,0,18,0,30,,357,1,0,18,0,70,,350,1,0,18,0,30,,344,1,0,18,0,70,,353,1,0,18,0,30,,367,1,0,18,0,70,,362,1,0,18,0,30,,337,1,0,18,0,70,,361,1,0,18,0,30,,339,1,0,18,0,70,,345,1,0,18,0,30,,360,1,0,18,0,70,,366,1,0,18,0
200,'4',519,,375,1,0,18,0,30,,402,1,0,18,0,70,,377,1,0,18,0,30,,378,1,0,18,0,70,,407,1,0,18,0,30,,396,1,0,18,0,70,,385,1,0,18,0,30,,393,1,0,18,0,70,,372,1,0,18,0,30,,383,1,0,18,0,70,,388,1,0,18,0,30,,389,1,0,18,0,70,,406,1,0,18,0,30,,379,1,0,18,0,70,,405,1,0,18,0,30,,392,1,0,18,0,70,,373,1,0,18,0,30,,386,1,0,18,0,70,,371,1,0,18,0,30,,384,1,0,18,0,70,,391,1,0,18,0,30,,400,1,0,18,0,70,,395,1,0,18,0,30,,380,1,0,18,0,70,,401,1,0,18,0,30,,394,1,0,18,0,70,,387,1,0,18,0,30,,381,1,0,18,0,70,,390,1,0,18,0,30,,404,1,0,18,0,70,,399,1,0,18,0,30,,374,1,0,18,0,70,,398,1,0,18,0,30,,376,1,0,18,0,70,,382,1,0,18,0,30,,397,1,0,18,0,70,,403,1,0,18,0
201,'1',842,,431,44,4,,0,70,,418,44,4,,0,30,,427,44,4,,0,70,,409,44,4,,0,30,,412,44,4,,0,70,,419,44,4,,0,30,,411,44,4,,0,70,,425,44,4,,0,30,,416,44,4,,0,70,,422,44,4,,0,30,,414,44,4,,0,70,,417,44,4,,0,30,,415,44,4,,0,70,,413,44,4,,0,30,,428,44,4,,0,70,,408,44,4,,0,30,,430,44,4,,0,70,,423,44,4,,0,30,,420,44,4,,0,70,,426,44,4,,0,30,,424,44,4,,0,70,,429,44,4,,0,30,,421,44,4,,0,70,,410,44,4,,0
201,'2',542,,441,44,4,,0,70,,457,44,4,,0,30,,449,44,4,,0,70,,437,44,4,,0,30,,435,44,4,,0,70,,461,44,4,,0,30,,453,44,4,,0,70,,459,44,4,,0,30,,440,44,4,,0,70,,450,44,4,,0,30,,444,44,4,,0,70,,452,44,4,,0,30,,436,44,4,,0,70,,448,44,4,,0,30,,460,44,4,,0,70,,464,44,4,,0,30,,446,44,4,,0,70,,458,44,4,,0,30,,439,44,4,,0,70,,447,44,4,,0,30,,438,44,4,,0,70,,466,44,4,,0,30,,442,44,4,,0,70,,451,44,4,,0,30,,434,44,4,,0,70,,445,44,4,,0,30,,432,44,4,,0,70,,467,44,4,,0,30,,463,44,4,,0,70,,433,44,4,,0,30,,465,44,4,,0,70,,443,44,4,,0,30,,462,44,4,,0,70,,454,44,4,,0,30,,455,44,4,,0,70,,456,44,4,,0
201,'3',542,,496,44,4,,0,70,,492,44,4,,0,30,,481,44,4,,0,70,,490,44,4,,0,30,,472,44,4,,0,70,,473,44,4,,0,30,,497,44,4,,0,70,,470,44,4,,0,30,,476,44,4,,0,70,,502,44,4,,0,30,,495,44,4,,0,70,,500,44,4,,0,30,,501,44,4,,0,70,,493,44,4,,0,30,,489,44,4,,0,70,,486,44,4,,0,30,,468,44,4,,0,70,,483,44,4,,0,30,,480,44,4,,0,70,,478,44,4,,0,30,,494,44,4,,0,70,,469,44,4,,0,30,,487,44,4,,0,70,,484,44,4,,0,30,,471,44,4,,0,70,,475,44,4,,0,30,,491,44,4,,0,70,,488,44,4,,0,30,,474,44,4,,0,70,,479,44,4,,0,30,,482,44,4,,0,70,,499,44,4,,0,30,,485,44,4,,0,70,,503,44,4,,0,30,,477,44,4,,0,70,,498,44,4,,0
201,'4',542,,532,44,4,,0,70,,528,44,4,,0,30,,517,44,4,,0,70,,526,44,4,,0,30,,508,44,4,,0,70,,509,44,4,,0,30,,533,44,4,,0,70,,506,44,4,,0,30,,512,44,4,,0,70,,538,44,4,,0,30,,531,44,4,,0,70,,536,44,4,,0,30,,537,44,4,,0,70,,529,44,4,,0,30,,525,44,4,,0,70,,522,44,4,,0,30,,504,44,4,,0,70,,519,44,4,,0,30,,516,44,4,,0,70,,514,44,4,,0,30,,530,44,4,,0,70,,505,44,4,,0,30,,523,44,4,,0,70,,520,44,4,,0,30,,507,44,4,,0,70,,511,44,4,,0,30,,527,44,4,,0,70,,524,44,4,,0,30,,510,44,4,,0,70,,515,44,4,,0,30,,518,44,4,,0,70,,535,44,4,,0,30,,521,44,4,,0,70,,539,44,4,,0,30,,513,44,4,,0,70,,534,44,4,,0
300,'1',845,,547,1,0,67 2 66,0,100,,549,1,0,67 2 66,0,100,,546,1,0,67 2 66,0,100,,543,1,0,67 2 66,0,100,,542,1,0,67 2 66,0,100,,550,1,0,67 2 66,0,100,,541,1,0,67 2 66,0,100,,545,1,0,67 2 66,0,100,,544,1,0,67 2 66,0,100,,548,1,0,67 2 66,0,100,,540,1,0,67 2 66,0,100,,551,1,0,67 2 66,0
300,'2',545,,555,1,0,67 2 66,0,70,,561,1,0,67 2 66,0,30,,559,1,0,67 2 66,0,70,,565,1,0,67 2 66,0,30,,563,1,0,67 2 66,0,70,,557,1,0,67 2 66,0,30,,576,1,0,67 2 66,0,70,,554,1,0,67 2 66,0,30,,552,1,0,67 2 66,0,70,,564,1,0,67 2 66,0,30,,578,1,0,67 2 66,0,70,,568,1,0,67 2 66,0,30,,560,1,0,67 2 66,0,70,,567,1,0,67 2 66,0,100,,570,1,0,67 2 66,0,100,,558,1,0,67 2 66,0,100,,556,1,0,67 2 66,0,100,,571,1,0,67 2 66,0,30,,577,1,0,67 2 66,0,70,,553,1,0,67 2 66,0,30,,579,1,0,67 2 66,0,70,,572,1,0,67 2 66,0,30,,569,1,0,67 2 66,0,70,,566,1,0,67 2 66,0,30,,573,1,0,67 2 66,0,100,,562,1,0,67 2 66,0,100,,575,1,0,67 2 66,0,100,,574,1,0,67 2 66,0
300,'3',545,,593,1,0,67 2 66,0,70,,586,1,0,67 2 66,0,30,,588,1,0,67 2 66,0,70,,583,1,0,67 2 66,0,30,,595,1,0,67 2 66,0,70,,590,1,0,67 2 66,0,30,,609,1,0,67 2 66,0,70,,611,1,0,67 2 66,0,30,,582,1,0,67 2 66,0,70,,607,1,0,67 2 66,0,30,,584,1,0,67 2 66,0,70,,585,1,0,67 2 66,0,30,,596,1,0,67 2 66,0,70,,605,1,0,67 2 66,0,30,,610,1,0,67 2 66,0,70,,606,1,0,67 2 66,0,30,,598,1,0,67 2 66,0,70,,602,1,0,67 2 66,0,30,,604,1,0,67 2 66,0,70,,592,1,0,67 2 66,0,30,,608,1,0,67 2 66,0,70,,581,1,0,67 2 66,0,30,,603,1,0,67 2 66,0,70,,594,1,0,67 2 66,0,30,,587,1,0,67 2 66,0,70,,601,1,0,67 2 66,0,30,,600,1,0,67 2 66,0,70,,580,1,0,67 2 66,0,30,,589,1,0,67 2 66,0,100,,599,1,0,67 2 66,0,100,,597,1,0,67 2 66,0,100,,591,1,0,67 2 66,0
300,'4',545,,625,1,0,67 2 66,0,70,,618,1,0,67 2 66,0,30,,620,1,0,67 2 66,0,70,,615,1,0,67 2 66,0,30,,627,1,0,67 2 66,0,70,,622,1,0,67 2 66,0,30,,641,1,0,67 2 66,0,70,,643,1,0,67 2 66,0,30,,614,1,0,67 2 66,0,70,,639,1,0,67 2 66,0,30,,616,1,0,67 2 66,0,70,,617,1,0,67 2 66,0,30,,628,1,0,67 2 66,0,70,,637,1,0,67 2 66,0,30,,642,1,0,67 2 66,0,70,,638,1,0,67 2 66,0,30,,630,1,0,67 2 66,0,70,,634,1,0,67 2 66,0,30,,636,1,0,67 2 66,0,70,,624,1,0,67 2 66,0,30,,640,1,0,67 2 66,0,70,,613,1,0,67 2 66,0,30,,635,1,0,67 2 66,0,70,,626,1,0,67 2 66,0,30,,619,1,0,67 2 66,0,70,,633,1,0,67 2 66,0,30,,632,1,0,67 2 66,0,70,,612,1,0,67 2 66,0,30,,621,1,0,67 2 66,0,100,,631,1,0,67 2 66,0,100,,629,1,0,67 2 66,0,100,,623,1,0,67 2 66,0
301,'1',839,,653,24,4,,0,100,,651,24,4,,0,100,,646,24,4,,0,100,,654,24,4,,0,100,,647,24,4,,0,100,,652,24,4,,0,100,,648,24,4,,0,100,,655,24,4,,0,100,,649,24,4,,0,100,,644,24,4,,0,100,,645,24,4,,0,100,,650,24,4,,0
301,'2',539,,685,24,4,,0,70,,683,24,4,,0,30,,681,24,4,,0,70,,664,24,4,,0,30,,676,24,4,,0,70,,682,24,4,,0,30,,674,24,4,,0,70,,659,24,4,,0,30,,663,24,4,,0,70,,656,24,4,,0,30,,666,24,4,,0,70,,673,24,4,,0,30,,671,24,4,,0,70,,675,24,4,,0,100,,662,24,4,,0,100,,669,24,4,,0,100,,684,24,4,,0,100,,680,24,4,,0,30,,670,24,4,,0,70,,661,24,4,,0,30,,668,24,4,,0,70,,660,24,4,,0,30,,672,24,4,,0,70,,667,24,4,,0,30,,677,24,4,,0,70,,679,24,4,,0,30,,657,24,4,,0,100,,665,24,4,,0,100,,658,24,4,,0,100,,678,24,4,,0
301,'3',539,,687,24,4,,0,70,,692,24,4,,0,30,,695,24,4,,0,70,,703,24,4,,0,30,,700,24,4,,0,70,,718,24,4,,0,30,,708,24,4,,0,70,,699,24,4,,0,30,,698,24,4,,0,70,,696,24,4,,0,30,,688,24,4,,0,70,,715,24,4,,0,30,,691,24,4,,0,70,,710,24,4,,0,30,,711,24,4,,0,70,,712,24,4,,0,30,,689,24,4,,0,70,,719,24,4,,0,30,,704,24,4,,0,70,,717,24,4,,0,30,,690,24,4,,0,70,,701,24,4,,0,30,,702,24,4,,0,70,,706,24,4,,0,30,,714,24,4,,0,70,,697,24,4,,0,30,,713,24,4,,0,70,,705,24,4,,0,30,,694,24,4,,0,70,,716,24,4,,0,30,,686,24,4,,0,100,,709,24,4,,0,100,,707,24,4,,0,100,,693,24,4,,0
301,'4',539,,721,24,4,,0,70,,726,24,4,,0,30,,729,24,4,,0,70,,737,24,4,,0,30,,734,24,4,,0,70,,752,24,4,,0,30,,742,24,4,,0,70,,733,24,4,,0,30,,732,24,4,,0,70,,730,24,4,,0,30,,722,24,4,,0,70,,749,24,4,,0,30,,725,24,4,,0,70,,744,24,4,,0,30,,745,24,4,,0,70,,746,24,4,,0,30,,723,24,4,,0,70,,753,24,4,,0,30,,738,24,4,,0,70,,751,24,4,,0,30,,724,24,4,,0,70,,735,24,4,,0,30,,736,24,4,,0,70,,740,24,4,,0,30,,748,24,4,,0,70,,731,24,4,,0,30,,747,24,4,,0,70,,739,24,4,,0,30,,728,24,4,,0,70,,750,24,4,,0,30,,720,24,4,,0,100,,743,24,4,,0,100,,741,24,4,,0,100,,727,24,4,,0
1100,'1',757,,1197,1,0,5 2 6 7,0,100,,1191,1,0,5 2 6 7,0,100,,1201,1,0,5 2 6 7,0,100,,1199,1,0,5 2 6 7,0,100,,1196,1,0,5 2 6 7,0,100,,1194,1,0,5 2 6 7,0,100,,1192,1,0,5 2 6 7,0,100,,1200,1,0,5 2 6 7,0,100,,1195,1,0,5 2 6 7,0,100,,1190,1,0,5 2 6 7,0,100,,1193,1,0,5 2 6 7,0,100,,1198,1,0,5 2 6 7,0
1100,'2',527,,1210,1,0,5 2 6 7,0,30,,1205,1,0,5 2 6 7,0,70,,1211,1,0,5 2 6 7,0,30,,1212,1,0,5 2 6 7,0,70,,1216,1,0,5 2 6 7,0,30,,1214,1,0,5 2 6 7,0,70,,1229,1,0,5 2 6 7,0,30,,1207,1,0,5 2 6 7,0,70,,1230,1,0,5 2 6 7,0,30,,1222,1,0,5 2 6 7,0,70,,1224,1,0,5 2 6 7,0,30,,1202,1,0,5 2 6 7,0,70,,1221,1,0,5 2 6 7,0,30,,1217,1,0,5 2 6 7,0,70,,1220,1,0,5 2 6 7,0,30,,1228,1,0,5 2 6 7,0,70,,1223,1,0,5 2 6 7,0,30,,1219,1,0,5 2 6 7,0,70,,1218,1,0,5 2 6 7,0,30,,1227,1,0,5 2 6 7,0,70,,1206,1,0,5 2 6 7,0,30,,1226,1,0,5 2 6 7,0,70,,1203,1,0,5 2 6 7,0,30,,1204,1,0,5 2 6 7,0,70,,1209,1,0,5 2 6 7,0,30,,1215,1,0,5 2 6 7,0,70,,1213,1,0,5 2 6 7,0,30,,1208,1,0,5 2 6 7,0,70,,1225,1,0,5 2 6 7,0
1100,'3',527,,1251,1,0,5 2 6 7,0,30,,1254,1,0,5 2 6 7,0,70,,1238,1,0,5 2 6 7,0,30,,1246,1,0,5 2 6 7,0,70,,1256,1,0,5 2 6 7,0,30,,1257,1,0,5 2 6 7,0,70,,1242,1,0,5 2 6 7,0,30,,1249,1,0,5 2 6 7,0,70,,1248,1,0,5 2 6 7,0,30,,1252,1,0,5 2 6 7,0,70,,1255,1,0,5 2 6 7,0,30,,1231,1,0,5 2 6 7,0,70,,1244,1,0,5 2 6 7,0,30,,1239,1,0,5 2 6 7,0,70,,1234,1,0,5 2 6 7,0,30,,1232,1,0,5 2 6 7,0,70,,1241,1,0,5 2 6 7,0,30,,1250,1,0,5 2 6 7,0,70,,1258,1,0,5 2 6 7,0,30,,1240,1,0,5 2 6 7,0,70,,1245,1,0,5 2 6 7,0,30,,1235,1,0,5 2 6 7,0,70,,1237,1,0,5 2 6 7,0,30,,1247,1,0,5 2 6 7,0,70,,1253,1,0,5 2 6 7,0,30,,1236,1,0,5 2 6 7,0,70,,1259,1,0,5 2 6 7,0,30,,1233,1,0,5 2 6 7,0,70,,1243,1,0,5 2 6 7,0
1100,'4',527,,1280,1,0,5 2 6 7,0,30,,1283,1,0,5 2 6 7,0,70,,1267,1,0,5 2 6 7,0,30,,1275,1,0,5 2 6 7,0,70,,1285,1,0,5 2 6 7,0,30,,1286,1,0,5 2 6 7,0,70,,1271,1,0,5 2 6 7,0,30,,1278,1,0,5 2 6 7,0,70,,1277,1,0,5 2 6 7,0,30,,1281,1,0,5 2 6 7,0,70,,1284,1,0,5 2 6 7,0,30,,1260,1,0,5 2 6 7,0,70,,1273,1,0,5 2 6 7,0,30,,1268,1,0,5 2 6 7,0,70,,1263,1,0,5 2 6 7,0,30,,1261,1,0,5 2 6 7,0,70,,1270,1,0,5 2 6 7,0,30,,1279,1,0,5 2 6 7,0,70,,1287,1,0,5 2 6 7,0,30,,1269,1,0,5 2 6 7,0,70,,1274,1,0,5 2 6 7,0,30,,1264,1,0,5 2 6 7,0,70,,1266,1,0,5 2 6 7,0,30,,1276,1,0,5 2 6 7,0,70,,1282,1,0,5 2 6 7,0,30,,1265,1,0,5 2 6 7,0,70,,1288,1,0,5 2 6 7,0,30,,1262,1,0,5 2 6 7,0,70,,1272,1,0,5 2 6 7,0
1101,'1',851,,1290,49,4,,0,100,,1299,49,4,,0,100,,1297,49,4,,0,100,,1298,49,4,,0,100,,1296,49,4,,0,100,,1295,49,4,,0,100,,1294,49,4,,0,100,,1289,49,4,,0,100,,1293,49,4,,0,100,,1292,49,4,,0,100,,1291,49,4,,0,100,,1300,49,4,,0
1101,'2',551,,1326,49,4,,0,70,,1323,49,4,,0,30,,1316,49,4,,0,70,,1314,49,4,,0,30,,1312,49,4,,0,70,,1322,49,4,,0,30,,1308,49,4,,0,70,,1317,49,4,,0,30,,1319,49,4,,0,70,,1325,49,4,,0,30,,1321,49,4,,0,70,,1301,49,4,,0,30,,1309,49,4,,0,70,,1304,49,4,,0,30,,1327,49,4,,0,70,,1302,49,4,,0,30,,1318,49,4,,0,70,,1311,49,4,,0,30,,1307,49,4,,0,70,,1328,49,4,,0,30,,1324,49,4,,0,70,,1306,49,4,,0,30,,1315,49,4,,0,70,,1313,49,4,,0,30,,1320,49,4,,0,70,,1303,49,4,,0,30,,1329,49,4,,0,70,,1310,49,4,,0,30,,1305,49,4,,0
1101,'3',551,,1358,49,4,,0,70,,1352,49,4,,0,30,,1332,49,4,,0,70,,1350,49,4,,0,30,,1351,49,4,,0,70,,1336,49,4,,0,30,,1343,49,4,,0,70,,1356,49,4,,0,30,,1333,49,4,,0,70,,1346,49,4,,0,30,,1339,49,4,,0,70,,1341,49,4,,0,30,,1349,49,4,,0,70,,1334,49,4,,0,30,,1338,49,4,,0,70,,1345,49,4,,0,30,,1344,49,4,,0,70,,1354,49,4,,0,30,,1330,49,4,,0,70,,1337,49,4,,0,30,,1335,49,4,,0,70,,1348,49,4,,0,30,,1353,49,4,,0,70,,1357,49,4,,0,30,,1347,49,4,,0,70,,1331,49,4,,0,30,,1355,49,4,,0,70,,1342,49,4,,0,30,,1340,49,4,,0
1101,'4',551,,1387,49,4,,0,70,,1381,49,4,,0,30,,1361,49,4,,0,70,,1379,49,4,,0,30,,1380,49,4,,0,70,,1365,49,4,,0,30,,1372,49,4,,0,70,,1385,49,4,,0,30,,1362,49,4,,0,70,,1375,49,4,,0,30,,1368,49,4,,0,70,,1370,49,4,,0,30,,1378,49,4,,0,70,,1363,49,4,,0,30,,1367,49,4,,0,70,,1374,49,4,,0,30,,1373,49,4,,0,70,,1383,49,4,,0,30,,1359,49,4,,0,70,,1366,49,4,,0,30,,1364,49,4,,0,70,,1377,49,4,,0,30,,1382,49,4,,0,70,,1386,49,4,,0,30,,1376,49,4,,0,70,,1360,49,4,,0,30,,1384,49,4,,0,70,,1371,49,4,,0,30,,1369,49,4,,0
1200,'1',808,,1395,11,4,,0,30,,1408,11,4,,0,70,,1407,11,4,,0,30,,1404,11,4,,0,70,,1398,11,4,,0,30,,1393,11,4,,0,70,,1399,11,4,,0,30,,1411,11,4,,0,70,,1389,11,4,,0,30,,1405,11,4,,0,70,,1401,11,4,,0,30,,1392,11,4,,0,70,,1406,11,4,,0,30,,1414,11,4,,0,70,,1390,11,4,,0,30,,1400,11,4,,0,70,,1388,11,4,,0,30,,1403,11,4,,0,70,,1410,11,4,,0,30,,1413,11,4,,0,70,,1396,11,4,,0,30,,1412,11,4,,0,70,,1397,11,4,,0,30,,1394,11,4,,0,70,,1391,11,4,,0,30,,1409,11,4,,0,70,,1402,11,4,,0
1200,'2',708,,1441,11,4,,0,30,,1431,11,4,,0,70,,1421,11,4,,0,30,,1442,11,4,,0,70,,1439,11,4,,0,30,,1425,11,4,,0,70,,1419,11,4,,0,30,,1424,11,4,,0,70,,1445,11,4,,0,30,,1447,11,4,,0,70,,1416,11,4,,0,30,,1422,11,4,,0,70,,1426,11,4,,0,30,,1438,11,4,,0,70,,1444,11,4,,0,30,,1428,11,4,,0,70,,1430,11,4,,0,30,,1417,11,4,,0,70,,1418,11,4,,0,30,,1420,11,4,,0,70,,1429,11,4,,0,30,,1440,11,4,,0,70,,1423,11,4,,0,30,,1446,11,4,,0,70,,1433,11,4,,0,30,,1443,11,4,,0,70,,1437,11,4,,0,30,,1435,11,4,,0,70,,1436,11,4,,0,30,,1427,11,4,,0,70,,1432,11,4,,0,30,,1415,11,4,,0,70,,1434,11,4,,0
1200,'3',708,,1448,11,4,,0,30,,1459,11,4,,0,70,,1470,11,4,,0,30,,1456,11,4,,0,70,,1480,11,4,,0,30,,1465,11,4,,0,70,,1455,11,4,,0,30,,1471,11,4,,0,70,,1475,11,4,,0,30,,1449,11,4,,0,70,,1457,11,4,,0,30,,1464,11,4,,0,70,,1453,11,4,,0,30,,1468,11,4,,0,70,,1479,11,4,,0,30,,1478,11,4,,0,70,,1472,11,4,,0,30,,1469,11,4,,0,70,,1451,11,4,,0,30,,1460,11,4,,0,70,,1454,11,4,,0,30,,1463,11,4,,0,70,,1450,11,4,,0,30,,1462,11,4,,0,70,,1477,11,4,,0,30,,1473,11,4,,0,70,,1467,11,4,,0,30,,1458,11,4,,0,70,,1466,11,4,,0,30,,1461,11,4,,0,70,,1476,11,4,,0,30,,1452,11,4,,0,70,,1474,11,4,,0
1200,'4',708,,1481,11,4,,0,30,,1492,11,4,,0,70,,1503,11,4,,0,30,,1489,11,4,,0,70,,1513,11,4,,0,30,,1498,11,4,,0,70,,1488,11,4,,0,30,,1504,11,4,,0,70,,1508,11,4,,0,30,,1482,11,4,,0,70,,1490,11,4,,0,30,,1497,11,4,,0,70,,1486,11,4,,0,30,,1501,11,4,,0,70,,1512,11,4,,0,30,,1511,11,4,,0,70,,1505,11,4,,0,30,,1502,11,4,,0,70,,1484,11,4,,0,30,,1493,11,4,,0,70,,1487,11,4,,0,30,,1496,11,4,,0,70,,1483,11,4,,0,30,,1495,11,4,,0,70,,1510,11,4,,0,30,,1506,11,4,,0,70,,1500,11,4,,0,30,,1491,11,4,,0,70,,1499,11,4,,0,30,,1494,11,4,,0,70,,1509,11,4,,0,30,,1485,11,4,,0,70,,1507,11,4,,0
1201,'1',745,,1514,1,0,69 70,0,70,,1528,1,0,69 70,0,30,,1529,1,0,69 70,0,70,,1518,1,0,69 70,0,30,,1535,1,0,69 70,0,70,,1526,1,0,69 70,0,30,,1532,1,0,69 70,0,70,,1539,1,0,69 70,0,30,,1525,1,0,69 70,0,70,,1536,1,0,69 70,0,30,,1531,1,0,69 70,0,70,,1520,1,0,69 70,0,30,,1519,1,0,69 70,0,70,,1517,1,0,69 70,0,30,,1516,1,0,69 70,0,70,,1521,1,0,69 70,0,30,,1522,1,0,69 70,0,70,,1538,1,0,69 70,0,30,,1530,1,0,69 70,0,70,,1534,1,0,69 70,0,30,,1533,1,0,69 70,0,70,,1540,1,0,69 70,0,30,,1527,1,0,69 70,0,70,,1523,1,0,69 70,0,30,,1524,1,0,69 70,0,70,,1537,1,0,69 70,0,30,,1515,1,0,69 70,0
1201,'2',645,,1549,1,0,69 70,0,70,,1557,1,0,69 70,0,30,,1555,1,0,69 70,0,70,,1573,1,0,69 70,0,30,,1543,1,0,69 70,0,70,,1546,1,0,69 70,0,30,,1559,1,0,69 70,0,70,,1558,1,0,69 70,0,30,,1569,1,0,69 70,0,70,,1565,1,0,69 70,0,30,,1544,1,0,69 70,0,70,,1567,1,0,69 70,0,30,,1571,1,0,69 70,0,70,,1570,1,0,69 70,0,30,,1561,1,0,69 70,0,70,,1553,1,0,69 70,0,30,,1554,1,0,69 70,0,70,,1547,1,0,69 70,0,30,,1551,1,0,69 70,0,70,,1562,1,0,69 70,0,30,,1545,1,0,69 70,0,70,,1550,1,0,69 70,0,30,,1572,1,0,69 70,0,70,,1552,1,0,69 70,0,30,,1568,1,0,69 70,0,70,,1563,1,0,69 70,0,30,,1542,1,0,69 70,0,70,,1564,1,0,69 70,0,30,,1560,1,0,69 70,0,70,,1541,1,0,69 70,0,30,,1556,1,0,69 70,0,70,,1548,1,0,69 70,0,30,,1566,1,0,69 70,0
1201,'3',645,,1574,1,0,69 70,0,70,,1595,1,0,69 70,0,30,,1580,1,0,69 70,0,70,,1593,1,0,69 70,0,30,,1578,1,0,69 70,0,70,,1596,1,0,69 70,0,30,,1604,1,0,69 70,0,70,,1583,1,0,69 70,0,30,,1592,1,0,69 70,0,70,,1590,1,0,69 70,0,30,,1582,1,0,69 70,0,70,,1603,1,0,69 70,0,30,,1589,1,0,69 70,0,70,,1575,1,0,69 70,0,30,,1598,1,0,69 70,0,70,,1591,1,0,69 70,0,30,,1599,1,0,69 70,0,70,,1605,1,0,69 70,0,30,,1576,1,0,69 70,0,70,,1577,1,0,69 70,0,30,,1579,1,0,69 70,0,70,,1600,1,0,69 70,0,30,,1586,1,0,69 70,0,70,,1588,1,0,69 70,0,30,,1594,1,0,69 70,0,70,,1606,1,0,69 70,0,30,,1601,1,0,69 70,0,70,,1585,1,0,69 70,0,30,,1584,1,0,69 70,0,70,,1581,1,0,69 70,0,30,,1597,1,0,69 70,0,70,,1602,1,0,69 70,0,30,,1587,1,0,69 70,0
1201,'4',645,,1607,1,0,69 70,0,70,,1628,1,0,69 70,0,30,,1613,1,0,69 70,0,70,,1626,1,0,69 70,0,30,,1611,1,0,69 70,0,70,,1629,1,0,69 70,0,30,,1637,1,0,69 70,0,70,,1616,1,0,69 70,0,30,,1625,1,0,69 70,0,70,,1623,1,0,69 70,0,30,,1615,1,0,69 70,0,70,,1636,1,0,69 70,0,30,,1622,1,0,69 70,0,70,,1608,1,0,69 70,0,30,,1631,1,0,69 70,0,70,,1624,1,0,69 70,0,30,,1632,1,0,69 70,0,70,,1638,1,0,69 70,0,30,,1609,1,0,69 70,0,70,,1610,1,0,69 70,0,30,,1612,1,0,69 70,0,70,,1633,1,0,69 70,0,30,,1619,1,0,69 70,0,70,,1621,1,0,69 70,0,30,,1627,1,0,69 70,0,70,,1639,1,0,69 70,0,30,,1634,1,0,69 70,0,70,,1618,1,0,69 70,0,30,,1617,1,0,69 70,0,70,,1614,1,0,69 70,0,30,,1630,1,0,69 70,0,70,,1635,1,0,69 70,0,30,,1620,1,0,69 70,0
1300,'1',845,,1642,1,0,65 11 2 66 2 21,0,100,,1640,1,0,65 11 2 66 2 21,0,100,,1645,1,0,65 11 2 66 2 21,0,100,,1646,1,0,65 11 2 66 2 21,0,100,,1647,1,0,65 11 2 66 2 21,0,100,,1644,1,0,65 11 2 66 2 21,0,100,,1649,1,0,65 11 2 66 2 21,0,100,,1643,1,0,65 11 2 66 2 21,0,100,,1651,1,0,65 11 2 66 2 21,0,100,,1650,1,0,65 11 2 66 2 21,0,100,,1641,1,0,65 11 2 66 2 21,0,100,,1648,1,0,65 11 2 66 2 21,0
1300,'2',515,,1676,1,0,65 11 2 66 2 21,0,30,,1654,1,0,65 11 2 66 2 21,0,70,,1663,1,0,65 11 2 66 2 21,0,30,,1673,1,0,65 11 2 66 2 21,0,70,,1669,1,0,65 11 2 66 2 21,0,30,,1652,1,0,65 11 2 66 2 21,0,70,,1659,1,0,65 11 2 66 2 21,0,30,,1667,1,0,65 11 2 66 2 21,0,70,,1670,1,0,65 11 2 66 2 21,0,30,,1658,1,0,65 11 2 66 2 21,0,70,,1657,1,0,65 11 2 66 2 21,0,100,,1655,1,0,65 11 2 66 2 21,0,100,,1666,1,0,65 11 2 66 2 21,0,100,,1664,1,0,65 11 2 66 2 21,0,100,,1671,1,0,65 11 2 66 2 21,0,100,,1665,1,0,65 11 2 66 2 21,0,30,,1661,1,0,65 11 2 66 2 21,0,70,,1668,1,0,65 11 2 66 2 21,0,30,,1672,1,0,65 11 2 66 2 21,0,70,,1660,1,0,65 11 2 66 2 21,0,30,,1675,1,0,65 11 2 66 2 21,0,70,,1653,1,0,65 11 2 66 2 21,0,30,,1662,1,0,65 11 2 66 2 21,0,70,,1656,1,0,65 11 2 66 2 21,0,30,,1674,1,0,65 11 2 66 2 21,0
1300,'3',515,,1679,1,0,65 11 2 66 2 21,0,30,,1696,1,0,65 11 2 66 2 21,0,70,,1700,1,0,65 11 2 66 2 21,0,30,,1684,1,0,65 11 2 66 2 21,0,70,,1692,1,0,65 11 2 66 2 21,0,30,,1693,1,0,65 11 2 66 2 21,0,70,,1689,1,0,65 11 2 66 2 21,0,30,,1680,1,0,65 11 2 66 2 21,0,70,,1682,1,0,65 11 2 66 2 21,0,30,,1699,1,0,65 11 2 66 2 21,0,70,,1698,1,0,65 11 2 66 2 21,0,100,,1701,1,0,65 11 2 66 2 21,0,100,,1681,1,0,65 11 2 66 2 21,0,100,,1697,1,0,65 11 2 66 2 21,0,100,,1683,1,0,65 11 2 66 2 21,0,100,,1677,1,0,65 11 2 66 2 21,0,30,,1686,1,0,65 11 2 66 2 21,0,70,,1688,1,0,65 11 2 66 2 21,0,30,,1695,1,0,65 11 2 66 2 21,0,70,,1694,1,0,65 11 2 66 2 21,0,30,,1690,1,0,65 11 2 66 2 21,0,70,,1678,1,0,65 11 2 66 2 21,0,30,,1691,1,0,65 11 2 66 2 21,0,70,,1687,1,0,65 11 2 66 2 21,0,30,,1685,1,0,65 11 2 66 2 21,0
1300,'4',515,,1704,1,0,65 11 2 66 2 21,0,30,,1721,1,0,65 11 2 66 2 21,0,70,,1725,1,0,65 11 2 66 2 21,0,30,,1709,1,0,65 11 2 66 2 21,0,70,,1717,1,0,65 11 2 66 2 21,0,30,,1718,1,0,65 11 2 66 2 21,0,70,,1714,1,0,65 11 2 66 2 21,0,30,,1705,1,0,65 11 2 66 2 21,0,70,,1707,1,0,65 11 2 66 2 21,0,30,,1724,1,0,65 11 2 66 2 21,0,70,,1723,1,0,65 11 2 66 2 21,0,100,,1726,1,0,65 11 2 66 2 21,0,100,,1706,1,0,65 11 2 66 2 21,0,100,,1722,1,0,65 11 2 66 2 21,0,100,,1708,1,0,65 11 2 66 2 21,0,100,,1702,1,0,65 11 2 66 2 21,0,30,,1711,1,0,65 11 2 66 2 21,0,70,,1713,1,0,65 11 2 66 2 21,0,30,,1720,1,0,65 11 2 66 2 21,0,70,,1719,1,0,65 11 2 66 2 21,0,30,,1715,1,0,65 11 2 66 2 21,0,70,,1703,1,0,65 11 2 66 2 21,0,30,,1716,1,0,65 11 2 66 2 21,0,70,,1712,1,0,65 11 2 66 2 21,0,30,,1710,1,0,65 11 2 66 2 21,0
1301,'1',842,,1733,26,4,,0,100,,1738,26,4,,0,100,,1727,26,4,,0,100,,1729,26,4,,0,100,,1735,26,4,,0,100,,1730,26,4,,0,100,,1736,26,4,,0,100,,1732,26,4,,0,100,,1728,26,4,,0,100,,1737,26,4,,0,100,,1731,26,4,,0,100,,1734,26,4,,0
1301,'2',542,,1757,26,4,,0,70,,1755,26,4,,0,30,,1760,26,4,,0,70,,1761,26,4,,0,30,,1758,26,4,,0,70,,1739,26,4,,0,30,,1751,26,4,,0,70,,1748,26,4,,0,30,,1745,26,4,,0,70,,1754,26,4,,0,100,,1742,26,4,,0,100,,1749,26,4,,0,100,,1746,26,4,,0,100,,1753,26,4,,0,100,,1740,26,4,,0,30,,1752,26,4,,0,70,,1741,26,4,,0,30,,1743,26,4,,0,70,,1759,26,4,,0,30,,1744,26,4,,0,70,,1763,26,4,,0,30,,1747,26,4,,0,70,,1762,26,4,,0,30,,1756,26,4,,0,70,,1750,26,4,,0
1301,'3',542,,1772,26,4,,0,70,,1777,26,4,,0,30,,1771,26,4,,0,70,,1783,26,4,,0,30,,1764,26,4,,0,70,,1787,26,4,,0,30,,1776,26,4,,0,70,,1778,26,4,,0,30,,1768,26,4,,0,70,,1765,26,4,,0,100,,1773,26,4,,0,100,,1788,26,4,,0,100,,1774,26,4,,0,100,,1781,26,4,,0,100,,1785,26,4,,0,30,,1779,26,4,,0,70,,1766,26,4,,0,30,,1769,26,4,,0,70,,1782,26,4,,0,30,,1767,26,4,,0,70,,1786,26,4,,0,30,,1780,26,4,,0,70,,1775,26,4,,0,30,,1784,26,4,,0,70,,1770,26,4,,0
1301,'4',542,,1797,26,4,,0,70,,1802,26,4,,0,30,,1796,26,4,,0,70,,1808,26,4,,0,30,,1789,26,4,,0,70,,1812,26,4,,0,30,,1801,26,4,,0,70,,1803,26,4,,0,30,,1793,26,4,,0,70,,1790,26,4,,0,100,,1798,26,4,,0,100,,1813,26,4,,0,100,,1799,26,4,,0,100,,1806,26,4,,0,100,,1810,26,4,,0,30,,1804,26,4,,0,70,,1791,26,4,,0,30,,1794,26,4,,0,70,,1807,26,4,,0,30,,1792,26,4,,0,70,,1811,26,4,,0,30,,1805,26,4,,0,70,,1800,26,4,,0,30,,1809,26,4,,0,70,,1795,26,4,,0
15100,'3',1603,,2304,25,0,21,0
15101,'3',824,,2305,13,0,19 1 20,0
