400,'1',848,,4317,30,0,21 2 22 23,0,100,,4306,30,0,21 2 22 23,0,100,,4316,30,0,21 2 22 23,0,100,,2541,30,0,21 2 22 23,0,100,,4307,30,0,21 2 22 23,0,100,,4314,30,0,21 2 22 23,0,100,,4312,30,0,21 2 22 23,0,100,,4309,30,0,21 2 22 23,0,100,,4308,30,0,21 2 22 23,0,100,,4311,30,0,21 2 22 23,0,100,,4315,30,0,21 2 22 23,0,100,,4310,30,0,21 2 22 23,0
400,'2',548,,3713,30,0,21 2 22 23,0,70,,4335,30,0,21 2 22 23,0,30,,4319,30,0,21 2 22 23,0,70,,4337,30,0,21 2 22 23,0,30,,4318,30,0,21 2 22 23,0,70,,4331,30,0,21 2 22 23,0,30,,4328,30,0,21 2 22 23,0,70,,4338,30,0,21 2 22 23,0,30,,792,30,0,21 2 22 23,0,70,,4330,30,0,21 2 22 23,0,30,,2856,30,0,21 2 22 23,0,70,,4325,30,0,21 2 22 23,0,30,,4323,30,0,21 2 22 23,0,70,,669,30,0,21 2 22 23,0,30,,1321,30,0,21 2 22 23,0,70,,2560,30,0,21 2 22 23,0,30,,4333,30,0,21 2 22 23,0,70,,4320,30,0,21 2 22 23,0,30,,2915,30,0,21 2 22 23,0,70,,4322,30,0,21 2 22 23,0,30,,1848,30,0,21 2 22 23,0,70,,4326,30,0,21 2 22 23,0,30,,4329,30,0,21 2 22 23,0,70,,4334,30,0,21 2 22 23,0,30,,4336,30,0,21 2 22 23,0,70,,4327,30,0,21 2 22 23,0,30,,3593,30,0,21 2 22 23,0,70,,4321,30,0,21 2 22 23,0,30,,3178,30,0,21 2 22 23,0,70,,1758,30,0,21 2 22 23,0,100,,4332,30,0,21 2 22 23,0,100,,4324,30,0,21 2 22 23,0,100,,656,30,0,21 2 22 23,0
400,'3',548,,4351,30,0,21 2 22 23,0,70,,3514,30,0,21 2 22 23,0,30,,4346,30,0,21 2 22 23,0,70,,4356,30,0,21 2 22 23,0,30,,254,30,0,21 2 22 23,0,70,,2426,30,0,21 2 22 23,0,30,,4348,30,0,21 2 22 23,0,70,,4341,30,0,21 2 22 23,0,30,,3744,30,0,21 2 22 23,0,70,,4350,30,0,21 2 22 23,0,30,,4340,30,0,21 2 22 23,0,70,,4352,30,0,21 2 22 23,0,30,,2512,30,0,21 2 22 23,0,70,,4344,30,0,21 2 22 23,0,30,,1080,30,0,21 2 22 23,0,70,,4347,30,0,21 2 22 23,0,30,,2421,30,0,21 2 22 23,0,70,,4355,30,0,21 2 22 23,0,30,,3084,30,0,21 2 22 23,0,70,,253,30,0,21 2 22 23,0,30,,4353,30,0,21 2 22 23,0,70,,4357,30,0,21 2 22 23,0,30,,4345,30,0,21 2 22 23,0,70,,2331,30,0,21 2 22 23,0,30,,2217,30,0,21 2 22 23,0,70,,4339,30,0,21 2 22 23,0,30,,4354,30,0,21 2 22 23,0,70,,2827,30,0,21 2 22 23,0,30,,3025,30,0,21 2 22 23,0,70,,2348,30,0,21 2 22 23,0,100,,4349,30,0,21 2 22 23,0,100,,3452,30,0,21 2 22 23,0,100,,4342,30,0,21 2 22 23,0
400,'4',548,,4370,30,0,21 2 22 23,0,70,,3499,30,0,21 2 22 23,0,30,,4365,30,0,21 2 22 23,0,70,,4375,30,0,21 2 22 23,0,30,,216,30,0,21 2 22 23,0,70,,2400,30,0,21 2 22 23,0,30,,4367,30,0,21 2 22 23,0,70,,4360,30,0,21 2 22 23,0,30,,3727,30,0,21 2 22 23,0,70,,4369,30,0,21 2 22 23,0,30,,4359,30,0,21 2 22 23,0,70,,4371,30,0,21 2 22 23,0,30,,2491,30,0,21 2 22 23,0,70,,4363,30,0,21 2 22 23,0,30,,1049,30,0,21 2 22 23,0,70,,4366,30,0,21 2 22 23,0,30,,2395,30,0,21 2 22 23,0,70,,4374,30,0,21 2 22 23,0,30,,3066,30,0,21 2 22 23,0,70,,215,30,0,21 2 22 23,0,30,,4372,30,0,21 2 22 23,0,70,,4376,30,0,21 2 22 23,0,30,,4364,30,0,21 2 22 23,0,70,,2314,30,0,21 2 22 23,0,30,,2192,30,0,21 2 22 23,0,70,,4358,30,0,21 2 22 23,0,30,,4373,30,0,21 2 22 23,0,70,,2808,30,0,21 2 22 23,0,30,,3006,30,0,21 2 22 23,0,70,,2289,30,0,21 2 22 23,0,100,,4368,30,0,21 2 22 23,0,100,,3434,30,0,21 2 22 23,0,100,,4361,30,0,21 2 22 23,0
12000,'3',1545,,5236,1,0,25 26 3 27 16,0
12001,'3',845,,3209,16,4,,0
12100,'3',1545,,5237,1,0,27 28,0
12101,'3',845,,5238,18,4,,0
12200,'3',1545,,5239,1,,,0
12201,'3',845,,5240,18,4,,0
12300,'3',1545,,5241,1,0,91 92 10 11 93 13,0
12301,'3',845,,1184,23,4,,0
14300,'3',1620,,5266,24,4,,0
