1001,'1',858,,4524,16,0,32,0,100,,4517,16,0,32,0,100,,4527,16,0,32,0,100,,4526,16,0,32,0,100,,4525,16,0,32,0,100,,4522,16,0,32,0,100,,4520,16,0,32,0,100,,4523,16,0,32,0,100,,4518,16,0,32,0,100,,4519,16,0,32,0,100,,2843,16,0,32,0,100,,4521,16,0,32,0
1001,'2',528,,4528,16,0,32,0,30,,4532,16,0,32,0,70,,2013,16,0,32,0,30,,2567,16,0,32,0,70,,4544,16,0,32,0,30,,4531,16,0,32,0,70,,2782,16,0,32,0,30,,4541,16,0,32,0,70,,4534,16,0,32,0,30,,4542,16,0,32,0,70,,1658,16,0,32,0,30,,4543,16,0,32,0,70,,3642,16,0,32,0,30,,794,16,0,32,0,70,,4535,16,0,32,0,30,,4529,16,0,32,0,70,,1106,16,0,32,0,30,,2914,16,0,32,0,70,,4536,16,0,32,0,30,,4533,16,0,32,0,70,,4539,16,0,32,0,30,,2982,16,0,32,0,70,,4540,16,0,32,0,30,,2921,16,0,32,0,70,,4538,16,0,32,0,30,,4537,16,0,32,0,70,,2555,16,0,32,0,30,,2376,16,0,32,0,70,,4530,16,0,32,0,30,,2631,16,0,32,0
1001,'3',528,,4548,16,0,32,0,30,,2949,16,0,32,0,70,,4554,16,0,32,0,30,,4558,16,0,32,0,70,,4555,16,0,32,0,30,,108,16,0,32,0,70,,4546,16,0,32,0,30,,4549,16,0,32,0,70,,4550,16,0,32,0,30,,861,16,0,32,0,70,,2950,16,0,32,0,30,,3565,16,0,32,0,70,,4552,16,0,32,0,30,,4547,16,0,32,0,70,,2511,16,0,32,0,30,,3512,16,0,32,0,70,,2672,16,0,32,0,30,,4551,16,0,32,0,70,,2755,16,0,32,0,30,,3760,16,0,32,0,70,,2341,16,0,32,0,30,,3305,16,0,32,0,70,,4545,16,0,32,0,30,,2754,16,0,32,0,70,,2509,16,0,32,0,30,,1063,16,0,32,0,70,,3562,16,0,32,0,30,,4557,16,0,32,0,70,,4553,16,0,32,0,30,,4556,16,0,32,0
1001,'4',528,,4562,16,0,32,0,30,,2933,16,0,32,0,70,,4568,16,0,32,0,30,,4572,16,0,32,0,70,,4569,16,0,32,0,30,,71,16,0,32,0,70,,4560,16,0,32,0,30,,4563,16,0,32,0,70,,4564,16,0,32,0,30,,827,16,0,32,0,70,,2934,16,0,32,0,30,,3550,16,0,32,0,70,,4566,16,0,32,0,30,,4561,16,0,32,0,70,,2490,16,0,32,0,30,,3497,16,0,32,0,70,,2649,16,0,32,0,30,,4565,16,0,32,0,70,,2734,16,0,32,0,30,,3757,16,0,32,0,70,,2324,16,0,32,0,30,,3285,16,0,32,0,70,,4559,16,0,32,0,30,,2733,16,0,32,0,70,,2488,16,0,32,0,30,,1032,16,0,32,0,70,,3547,16,0,32,0,30,,4571,16,0,32,0,70,,4567,16,0,32,0,30,,4570,16,0,32,0
11101,'3',752,,5233,18,,,0
12001,'3',839,,3209,15,0,27 28,0
13501,'3',754,,5256,26,,,0
13701,'3',753,,5257,21,0,33,0
14000,'3',1600,,5261,8,0,24,0
15000,'3',1556,,3101,11,,,0
