1001,'1',857,,1090,15,0,33,0,100,,1088,15,0,33,0,100,,1092,15,0,33,0,100,,1093,15,0,33,0,100,,1099,15,0,33,0,100,,1098,15,0,33,0,100,,1096,15,0,33,0,100,,1091,15,0,33,0,100,,1089,15,0,33,0,100,,1095,15,0,33,0,100,,1094,15,0,33,0,100,,1097,15,0,33,0
1001,'2',527,,1106,15,0,33,0,30,,1112,15,0,33,0,70,,1110,15,0,33,0,30,,1122,15,0,33,0,70,,1126,15,0,33,0,30,,1111,15,0,33,0,70,,1105,15,0,33,0,30,,1115,15,0,33,0,70,,1102,15,0,33,0,30,,1121,15,0,33,0,70,,1129,15,0,33,0,30,,1101,15,0,33,0,70,,1123,15,0,33,0,30,,1114,15,0,33,0,70,,1128,15,0,33,0,30,,1118,15,0,33,0,70,,1119,15,0,33,0,30,,1116,15,0,33,0,70,,1104,15,0,33,0,30,,1103,15,0,33,0,70,,1124,15,0,33,0,30,,1120,15,0,33,0,70,,1100,15,0,33,0,30,,1108,15,0,33,0,70,,1117,15,0,33,0,30,,1109,15,0,33,0,70,,1113,15,0,33,0,30,,1127,15,0,33,0,70,,1107,15,0,33,0,30,,1125,15,0,33,0
1001,'3',527,,1131,15,0,33,0,30,,1152,15,0,33,0,70,,1153,15,0,33,0,30,,1138,15,0,33,0,70,,1146,15,0,33,0,30,,1140,15,0,33,0,70,,1137,15,0,33,0,30,,1130,15,0,33,0,70,,1144,15,0,33,0,30,,1150,15,0,33,0,70,,1139,15,0,33,0,30,,1158,15,0,33,0,70,,1156,15,0,33,0,30,,1135,15,0,33,0,70,,1134,15,0,33,0,30,,1141,15,0,33,0,70,,1149,15,0,33,0,30,,1151,15,0,33,0,70,,1143,15,0,33,0,30,,1155,15,0,33,0,70,,1142,15,0,33,0,30,,1157,15,0,33,0,70,,1136,15,0,33,0,30,,1147,15,0,33,0,70,,1132,15,0,33,0,30,,1148,15,0,33,0,70,,1145,15,0,33,0,30,,1159,15,0,33,0,70,,1154,15,0,33,0,30,,1133,15,0,33,0
1001,'4',527,,1161,15,0,33,0,30,,1182,15,0,33,0,70,,1183,15,0,33,0,30,,1168,15,0,33,0,70,,1176,15,0,33,0,30,,1170,15,0,33,0,70,,1167,15,0,33,0,30,,1160,15,0,33,0,70,,1174,15,0,33,0,30,,1180,15,0,33,0,70,,1169,15,0,33,0,30,,1188,15,0,33,0,70,,1186,15,0,33,0,30,,1165,15,0,33,0,70,,1164,15,0,33,0,30,,1171,15,0,33,0,70,,1179,15,0,33,0,30,,1181,15,0,33,0,70,,1173,15,0,33,0,30,,1185,15,0,33,0,70,,1172,15,0,33,0,30,,1187,15,0,33,0,70,,1166,15,0,33,0,30,,1177,15,0,33,0,70,,1162,15,0,33,0,30,,1178,15,0,33,0,70,,1175,15,0,33,0,30,,1189,15,0,33,0,70,,1184,15,0,33,0,30,,1163,15,0,33,0
11101,'3',751,,2250,17,,,0
12001,'3',838,,2256,14,0,28 29,0
13501,'3',754,,2280,25,,,0
13701,'3',752,,2284,20,0,34,0
14000,'3',1559,,2289,7,0,25,0
15000,'3',1556,,2300,10,,,0
