1001,'1',532,,2992,21,0,33,0,70,,2997,21,0,33,0,30,,2138,21,0,33,0,70,,3006,21,0,33,0,30,,3008,21,0,33,0,70,,3005,21,0,33,0,30,,2998,21,0,33,0,70,,3000,21,0,33,0,30,,703,21,0,33,0,70,,2203,21,0,33,0,30,,2995,21,0,33,0,70,,2029,21,0,33,0,30,,2994,21,0,33,0,70,,2996,21,0,33,0,30,,3004,21,0,33,0,70,,3007,21,0,33,0,30,,468,21,0,33,0,70,,3003,21,0,33,0,30,,3002,21,0,33,0,70,,2296,21,0,33,0,30,,490,21,0,33,0,70,,216,21,0,33,0,30,,709,21,0,33,0,70,,3010,21,0,33,0,30,,1041,21,0,33,0,70,,3001,21,0,33,0,30,,2297,21,0,33,0,70,,2999,21,0,33,0,30,,2993,21,0,33,0,70,,3009,21,0,33,0
1001,'2',532,,3011,21,0,33,0,70,,3016,21,0,33,0,30,,2168,21,0,33,0,70,,3025,21,0,33,0,30,,3028,21,0,33,0,70,,3024,21,0,33,0,30,,3017,21,0,33,0,70,,3019,21,0,33,0,30,,737,21,0,33,0,70,,2228,21,0,33,0,30,,3014,21,0,33,0,70,,2059,21,0,33,0,30,,3013,21,0,33,0,70,,3015,21,0,33,0,30,,3023,21,0,33,0,70,,3027,21,0,33,0,30,,504,21,0,33,0,70,,3022,21,0,33,0,30,,3021,21,0,33,0,70,,3031,21,0,33,0,30,,526,21,0,33,0,70,,254,21,0,33,0,30,,743,21,0,33,0,70,,3030,21,0,33,0,30,,1072,21,0,33,0,70,,3020,21,0,33,0,30,,3026,21,0,33,0,70,,3018,21,0,33,0,30,,3012,21,0,33,0,70,,3029,21,0,33,0
1001,'3',902,,3032,21,0,33,0,100,,3036,21,0,33,0,100,,3042,21,0,33,0,100,,3040,21,0,33,0,100,,984,21,0,33,0,100,,3039,21,0,33,0,100,,3035,21,0,33,0,100,,3033,21,0,33,0,100,,3034,21,0,33,0,100,,3041,21,0,33,0,100,,3037,21,0,33,0,100,,3038,21,0,33,0
1001,'4',532,,1113,21,0,33,0,70,,1227,21,0,33,0,30,,3047,21,0,33,0,70,,3060,21,0,33,0,30,,781,21,0,33,0,70,,3062,21,0,33,0,30,,3061,21,0,33,0,70,,3050,21,0,33,0,30,,46,21,0,33,0,70,,3051,21,0,33,0,30,,1021,21,0,33,0,70,,3045,21,0,33,0,30,,3063,21,0,33,0,70,,3052,21,0,33,0,30,,3055,21,0,33,0,70,,3046,21,0,33,0,30,,3048,21,0,33,0,70,,3057,21,0,33,0,30,,3054,21,0,33,0,70,,3053,21,0,33,0,30,,1003,21,0,33,0,70,,3058,21,0,33,0,30,,3059,21,0,33,0,70,,1419,21,0,33,0,30,,899,21,0,33,0,70,,1117,21,0,33,0,30,,3049,21,0,33,0,70,,3044,21,0,33,0,30,,3056,21,0,33,0,70,,3043,21,0,33,0
13000,'1',1521,,1862,3,,,0,2,,206,3,,,0,2,,3770,3,,,0
13100,'1',1525,,97,3,,,0
13200,'1',1525,,3774,3,0,34,0
13300,'1',1525,,3775,3,,,0
13400,'1',1520,,1338,3,,,0,5,,479,3,,,0
13800,'1',1525,,2027,3,,,0
13900,'1',1526,,3782,3,,,0
