1000,'1',822,,4448,7,0,32,0,100,,3577,7,0,32,0,100,,4446,7,0,32,0,100,,4444,7,0,32,0,100,,4451,7,0,32,0,100,,4449,7,0,32,0,100,,4445,7,0,32,0,100,,4453,7,0,32,0,100,,2457,7,0,32,0,100,,4447,7,0,32,0,100,,4452,7,0,32,0,100,,4450,7,0,32,0
1000,'2',522,,4468,7,0,32,0,30,,4463,7,0,32,0,70,,2381,7,0,32,0,30,,4465,7,0,32,0,70,,1753,7,0,32,0,30,,1007,7,0,32,0,70,,4454,7,0,32,0,30,,899,7,0,32,0,70,,4473,7,0,32,0,30,,3128,7,0,32,0,70,,4456,7,0,32,0,30,,1996,7,0,32,0,70,,4462,7,0,32,0,30,,4459,7,0,32,0,70,,2459,7,0,32,0,30,,4458,7,0,32,0,70,,4457,7,0,32,0,30,,4471,7,0,32,0,70,,4464,7,0,32,0,30,,2646,7,0,32,0,70,,4455,7,0,32,0,30,,4460,7,0,32,0,70,,195,7,0,32,0,30,,4467,7,0,32,0,70,,4469,7,0,32,0,30,,3270,7,0,32,0,70,,4461,7,0,32,0,30,,4472,7,0,32,0,70,,4466,7,0,32,0,30,,448,7,0,32,0
1000,'3',522,,4491,7,0,32,0,30,,2764,7,0,32,0,70,,4495,7,0,32,0,30,,4488,7,0,32,0,70,,4483,7,0,32,0,30,,4480,7,0,32,0,70,,3029,7,0,32,0,30,,4475,7,0,32,0,70,,4485,7,0,32,0,30,,4478,7,0,32,0,70,,4489,7,0,32,0,30,,3097,7,0,32,0,70,,4481,7,0,32,0,30,,4484,7,0,32,0,70,,4487,7,0,32,0,30,,2055,7,0,32,0,70,,4476,7,0,32,0,30,,3159,7,0,32,0,70,,2591,7,0,32,0,30,,4479,7,0,32,0,70,,4492,7,0,32,0,30,,4493,7,0,32,0,70,,4477,7,0,32,0,30,,1066,7,0,32,0,70,,4490,7,0,32,0,30,,3210,7,0,32,0,70,,4482,7,0,32,0,30,,4474,7,0,32,0,70,,383,7,0,32,0,30,,4486,7,0,32,0
1000,'4',522,,4513,7,0,32,0,30,,2743,7,0,32,0,70,,4516,7,0,32,0,30,,4510,7,0,32,0,70,,4505,7,0,32,0,30,,4502,7,0,32,0,70,,3009,7,0,32,0,30,,4497,7,0,32,0,70,,4507,7,0,32,0,30,,4500,7,0,32,0,70,,4511,7,0,32,0,30,,3077,7,0,32,0,70,,4503,7,0,32,0,30,,4506,7,0,32,0,70,,4509,7,0,32,0,30,,2025,7,0,32,0,70,,4498,7,0,32,0,30,,3144,7,0,32,0,70,,2574,7,0,32,0,30,,4501,7,0,32,0,70,,4514,7,0,32,0,30,,4515,7,0,32,0,70,,4499,7,0,32,0,30,,1035,7,0,32,0,70,,4512,7,0,32,0,30,,2309,7,0,32,0,70,,4504,7,0,32,0,30,,4496,7,0,32,0,70,,346,7,0,32,0,30,,4508,7,0,32,0
11100,'3',1457,,5232,5,,,0
12000,'3',1553,,5236,4,0,25 26 3 27 16,0
12100,'3',1548,,5237,4,0,27 28,0
13500,'3',1528,,5255,4,0,98 99 25 26 3 25 36,0
13700,'3',1528,,2066,4,0,100 10 11 31 3 27 16,0
14001,'3',817,,5262,3,0,24,0
15001,'3',748,,5270,3,,,0,70,,1188,3,,,0,30,,5271,3,,,0
