1000,'1',836,,993,25,0,33,0,100,,994,25,0,33,0,100,,990,25,0,33,0,100,,984,25,0,33,0,100,,992,25,0,33,0,100,,988,25,0,33,0,100,,987,25,0,33,0,100,,985,25,0,33,0,100,,989,25,0,33,0,100,,983,25,0,33,0,100,,991,25,0,33,0,100,,986,25,0,33,0
1000,'2',536,,999,25,0,33,0,70,,1000,25,0,33,0,30,,1025,25,0,33,0,70,,1018,25,0,33,0,30,,998,25,0,33,0,70,,1019,25,0,33,0,30,,1006,25,0,33,0,70,,1008,25,0,33,0,30,,1001,25,0,33,0,70,,1004,25,0,33,0,30,,1009,25,0,33,0,70,,996,25,0,33,0,30,,1016,25,0,33,0,70,,1003,25,0,33,0,30,,997,25,0,33,0,70,,1013,25,0,33,0,30,,1010,25,0,33,0,70,,1014,25,0,33,0,30,,1017,25,0,33,0,70,,1020,25,0,33,0,30,,1021,25,0,33,0,70,,1005,25,0,33,0,30,,1015,25,0,33,0,70,,1023,25,0,33,0,30,,1022,25,0,33,0,70,,1002,25,0,33,0,30,,1012,25,0,33,0,70,,1007,25,0,33,0,30,,995,25,0,33,0,70,,1024,25,0,33,0
1000,'3',536,,1049,25,0,33,0,70,,1026,25,0,33,0,30,,1048,25,0,33,0,70,,1035,25,0,33,0,30,,1047,25,0,33,0,70,,1039,25,0,33,0,30,,1051,25,0,33,0,70,,1037,25,0,33,0,30,,1055,25,0,33,0,70,,1054,25,0,33,0,30,,1036,25,0,33,0,70,,1052,25,0,33,0,30,,1029,25,0,33,0,70,,1027,25,0,33,0,30,,1053,25,0,33,0,70,,1045,25,0,33,0,30,,1046,25,0,33,0,70,,1050,25,0,33,0,30,,1043,25,0,33,0,70,,1028,25,0,33,0,30,,1032,25,0,33,0,70,,1040,25,0,33,0,30,,1038,25,0,33,0,70,,1034,25,0,33,0,30,,1031,25,0,33,0,70,,1056,25,0,33,0,30,,1041,25,0,33,0,70,,1030,25,0,33,0,30,,1042,25,0,33,0,70,,1033,25,0,33,0
1000,'4',536,,1080,25,0,33,0,70,,1057,25,0,33,0,30,,1079,25,0,33,0,70,,1066,25,0,33,0,30,,1078,25,0,33,0,70,,1070,25,0,33,0,30,,1082,25,0,33,0,70,,1068,25,0,33,0,30,,1086,25,0,33,0,70,,1085,25,0,33,0,30,,1067,25,0,33,0,70,,1083,25,0,33,0,30,,1060,25,0,33,0,70,,1058,25,0,33,0,30,,1084,25,0,33,0,70,,1076,25,0,33,0,30,,1077,25,0,33,0,70,,1081,25,0,33,0,30,,1074,25,0,33,0,70,,1059,25,0,33,0,30,,1063,25,0,33,0,70,,1071,25,0,33,0,30,,1069,25,0,33,0,70,,1065,25,0,33,0,30,,1062,25,0,33,0,70,,1087,25,0,33,0,30,,1072,25,0,33,0,70,,1061,25,0,33,0,30,,1073,25,0,33,0,70,,1064,25,0,33,0
12100,'3',1558,,2257,12,0,28 29,0
12101,'3',828,,2258,4,0,28 29,0
13700,'3',1538,,2283,16,0,80 10 11 32 3 28 16,0
13701,'3',738,,2284,4,0,34,0
14401,'3',813,,2299,6,0,25,0
15200,'3',1601,,2306,18,0,19 1 55 73 85 80 10 11,0
15201,'3',821,,2307,11,0,19 1 20,0,0,,2308,8,0,19 1 20,0
