200,'1',536,,2486,21,0,18,0,70,,2491,21,0,18,0,30,,1158,21,0,18,0,70,,2487,21,0,18,0,30,,2482,21,0,18,0,70,,2483,21,0,18,0,30,,2025,21,0,18,0,70,,1154,21,0,18,0,30,,226,21,0,18,0,70,,2499,21,0,18,0,30,,1603,21,0,18,0,70,,2495,21,0,18,0,30,,936,21,0,18,0,70,,2489,21,0,18,0,30,,2497,21,0,18,0,70,,1933,21,0,18,0,30,,2493,21,0,18,0,70,,84,21,0,18,0,30,,1765,21,0,18,0,70,,2501,21,0,18,0,30,,2488,21,0,18,0,70,,2042,21,0,18,0,30,,2492,21,0,18,0,70,,1681,21,0,18,0,30,,2490,21,0,18,0,70,,1235,21,0,18,0,30,,2292,21,0,18,0,70,,2496,21,0,18,0,30,,2484,21,0,18,0,70,,2485,21,0,18,0,30,,2494,21,0,18,0,70,,494,21,0,18,0,30,,211,21,0,18,0,70,,2500,21,0,18,0,30,,61,21,0,18,0,70,,944,21,0,18,0,30,,2498,21,0,18,0
200,'2',536,,2507,21,0,18,0,70,,2512,21,0,18,0,30,,1188,21,0,18,0,70,,2508,21,0,18,0,30,,2502,21,0,18,0,70,,2504,21,0,18,0,30,,2055,21,0,18,0,70,,1184,21,0,18,0,30,,264,21,0,18,0,70,,2520,21,0,18,0,30,,1636,21,0,18,0,70,,2516,21,0,18,0,30,,970,21,0,18,0,70,,2510,21,0,18,0,30,,2518,21,0,18,0,70,,1956,21,0,18,0,30,,2514,21,0,18,0,70,,121,21,0,18,0,30,,1790,21,0,18,0,70,,2522,21,0,18,0,30,,2509,21,0,18,0,70,,2072,21,0,18,0,30,,2513,21,0,18,0,70,,1706,21,0,18,0,30,,2511,21,0,18,0,70,,1264,21,0,18,0,30,,2503,21,0,18,0,70,,2517,21,0,18,0,30,,2505,21,0,18,0,70,,2506,21,0,18,0,30,,2515,21,0,18,0,70,,530,21,0,18,0,30,,249,21,0,18,0,70,,2521,21,0,18,0,30,,98,21,0,18,0,70,,978,21,0,18,0,30,,2519,21,0,18,0
200,'3',836,,2525,21,0,18,0,70,,2526,21,0,18,0,30,,2528,21,0,18,0,70,,2544,21,0,18,0,30,,2534,21,0,18,0,70,,2536,21,0,18,0,30,,2530,21,0,18,0,70,,2533,21,0,18,0,30,,2543,21,0,18,0,70,,2541,21,0,18,0,30,,2542,21,0,18,0,70,,2539,21,0,18,0,30,,2532,21,0,18,0,70,,991,21,0,18,0,30,,2535,21,0,18,0,70,,2524,21,0,18,0,30,,2529,21,0,18,0,70,,2527,21,0,18,0,30,,2537,21,0,18,0,70,,2531,21,0,18,0,30,,2540,21,0,18,0,70,,16,21,0,18,0,30,,2523,21,0,18,0,70,,2538,21,0,18,0
200,'4',536,,2552,21,0,18,0,70,,669,21,0,18,0,30,,2558,21,0,18,0,70,,2561,21,0,18,0,30,,2556,21,0,18,0,70,,1827,21,0,18,0,30,,2566,21,0,18,0,70,,2547,21,0,18,0,30,,2560,21,0,18,0,70,,1912,21,0,18,0,30,,2569,21,0,18,0,70,,2564,21,0,18,0,30,,2562,21,0,18,0,70,,2548,21,0,18,0,30,,30,21,0,18,0,70,,2554,21,0,18,0,30,,2545,21,0,18,0,70,,2563,21,0,18,0,30,,2555,21,0,18,0,70,,2559,21,0,18,0,30,,2553,21,0,18,0,70,,2567,21,0,18,0,30,,175,21,0,18,0,70,,161,21,0,18,0,30,,2557,21,0,18,0,70,,1761,21,0,18,0,30,,2546,21,0,18,0,70,,912,21,0,18,0,30,,2568,21,0,18,0,70,,2565,21,0,18,0,30,,1910,21,0,18,0,70,,2549,21,0,18,0,30,,1572,21,0,18,0,70,,315,21,0,18,0,30,,2550,21,0,18,0,70,,2551,21,0,18,0,30,,332,21,0,18,0
1001,'1',517,,2992,2,0,32,0,30,,2997,2,0,32,0,70,,2138,2,0,32,0,30,,3006,2,0,32,0,70,,3008,2,0,32,0,30,,3005,2,0,32,0,70,,2998,2,0,32,0,30,,3000,2,0,32,0,70,,703,2,0,32,0,30,,2203,2,0,32,0,70,,2995,2,0,32,0,30,,2029,2,0,32,0,70,,2994,2,0,32,0,30,,2996,2,0,32,0,70,,3004,2,0,32,0,30,,3007,2,0,32,0,70,,468,2,0,32,0,30,,3003,2,0,32,0,70,,3002,2,0,32,0,30,,2296,2,0,32,0,70,,490,2,0,32,0,30,,216,2,0,32,0,70,,709,2,0,32,0,30,,3010,2,0,32,0,70,,1041,2,0,32,0,30,,3001,2,0,32,0,70,,2297,2,0,32,0,30,,2999,2,0,32,0,70,,2993,2,0,32,0,30,,3009,2,0,32,0
1001,'2',517,,3011,2,0,32,0,30,,3016,2,0,32,0,70,,2168,2,0,32,0,30,,3025,2,0,32,0,70,,3028,2,0,32,0,30,,3024,2,0,32,0,70,,3017,2,0,32,0,30,,3019,2,0,32,0,70,,737,2,0,32,0,30,,2228,2,0,32,0,70,,3014,2,0,32,0,30,,2059,2,0,32,0,70,,3013,2,0,32,0,30,,3015,2,0,32,0,70,,3023,2,0,32,0,30,,3027,2,0,32,0,70,,504,2,0,32,0,30,,3022,2,0,32,0,70,,3021,2,0,32,0,30,,3031,2,0,32,0,70,,526,2,0,32,0,30,,254,2,0,32,0,70,,743,2,0,32,0,30,,3030,2,0,32,0,70,,1072,2,0,32,0,30,,3020,2,0,32,0,70,,3026,2,0,32,0,30,,3018,2,0,32,0,70,,3012,2,0,32,0,30,,3029,2,0,32,0
1001,'3',847,,3032,2,0,32,0,100,,3036,2,0,32,0,100,,3042,2,0,32,0,100,,3040,2,0,32,0,100,,984,2,0,32,0,100,,3039,2,0,32,0,100,,3035,2,0,32,0,100,,3033,2,0,32,0,100,,3034,2,0,32,0,100,,3041,2,0,32,0,100,,3037,2,0,32,0,100,,3038,2,0,32,0
1001,'4',517,,1113,2,0,32,0,30,,1227,2,0,32,0,70,,3047,2,0,32,0,30,,3060,2,0,32,0,70,,781,2,0,32,0,30,,3062,2,0,32,0,70,,3061,2,0,32,0,30,,3050,2,0,32,0,70,,46,2,0,32,0,30,,3051,2,0,32,0,70,,1021,2,0,32,0,30,,3045,2,0,32,0,70,,3063,2,0,32,0,30,,3052,2,0,32,0,70,,3055,2,0,32,0,30,,3046,2,0,32,0,70,,3048,2,0,32,0,30,,3057,2,0,32,0,70,,3054,2,0,32,0,30,,3053,2,0,32,0,70,,1003,2,0,32,0,30,,3058,2,0,32,0,70,,3059,2,0,32,0,30,,1419,2,0,32,0,70,,899,2,0,32,0,30,,1117,2,0,32,0,70,,3049,2,0,32,0,30,,3044,2,0,32,0,70,,3056,2,0,32,0,30,,3043,2,0,32,0
11100,'1',1512,,1478,22,,,0
11201,'1',733,,1137,5,,,0
13501,'1',747,,3779,12,,,0
14100,'1',1553,,3785,2,,,0
14200,'1',1553,,3788,2,0,50 51 52 53 3 38,0
14400,'1',1557,,1349,3,0,34 25 62 35 32,0
