1000,'1',837,,993,26,0,33,0,100,,994,26,0,33,0,100,,990,26,0,33,0,100,,984,26,0,33,0,100,,992,26,0,33,0,100,,988,26,0,33,0,100,,987,26,0,33,0,100,,985,26,0,33,0,100,,989,26,0,33,0,100,,983,26,0,33,0,100,,991,26,0,33,0,100,,986,26,0,33,0
1000,'2',537,,999,26,0,33,0,70,,1000,26,0,33,0,30,,1025,26,0,33,0,70,,1018,26,0,33,0,30,,998,26,0,33,0,70,,1019,26,0,33,0,30,,1006,26,0,33,0,70,,1008,26,0,33,0,30,,1001,26,0,33,0,70,,1004,26,0,33,0,30,,1009,26,0,33,0,70,,996,26,0,33,0,30,,1016,26,0,33,0,70,,1003,26,0,33,0,30,,997,26,0,33,0,70,,1013,26,0,33,0,30,,1010,26,0,33,0,70,,1014,26,0,33,0,30,,1017,26,0,33,0,70,,1020,26,0,33,0,30,,1021,26,0,33,0,70,,1005,26,0,33,0,30,,1015,26,0,33,0,70,,1023,26,0,33,0,30,,1022,26,0,33,0,70,,1002,26,0,33,0,30,,1012,26,0,33,0,70,,1007,26,0,33,0,30,,995,26,0,33,0,70,,1024,26,0,33,0
1000,'3',537,,1049,26,0,33,0,70,,1026,26,0,33,0,30,,1048,26,0,33,0,70,,1035,26,0,33,0,30,,1047,26,0,33,0,70,,1039,26,0,33,0,30,,1051,26,0,33,0,70,,1037,26,0,33,0,30,,1055,26,0,33,0,70,,1054,26,0,33,0,30,,1036,26,0,33,0,70,,1052,26,0,33,0,30,,1029,26,0,33,0,70,,1027,26,0,33,0,30,,1053,26,0,33,0,70,,1045,26,0,33,0,30,,1046,26,0,33,0,70,,1050,26,0,33,0,30,,1043,26,0,33,0,70,,1028,26,0,33,0,30,,1032,26,0,33,0,70,,1040,26,0,33,0,30,,1038,26,0,33,0,70,,1034,26,0,33,0,30,,1031,26,0,33,0,70,,1056,26,0,33,0,30,,1041,26,0,33,0,70,,1030,26,0,33,0,30,,1042,26,0,33,0,70,,1033,26,0,33,0
1000,'4',537,,1080,26,0,33,0,70,,1057,26,0,33,0,30,,1079,26,0,33,0,70,,1066,26,0,33,0,30,,1078,26,0,33,0,70,,1070,26,0,33,0,30,,1082,26,0,33,0,70,,1068,26,0,33,0,30,,1086,26,0,33,0,70,,1085,26,0,33,0,30,,1067,26,0,33,0,70,,1083,26,0,33,0,30,,1060,26,0,33,0,70,,1058,26,0,33,0,30,,1084,26,0,33,0,70,,1076,26,0,33,0,30,,1077,26,0,33,0,70,,1081,26,0,33,0,30,,1074,26,0,33,0,70,,1059,26,0,33,0,30,,1063,26,0,33,0,70,,1071,26,0,33,0,30,,1069,26,0,33,0,70,,1065,26,0,33,0,30,,1062,26,0,33,0,70,,1087,26,0,33,0,30,,1072,26,0,33,0,70,,1061,26,0,33,0,30,,1073,26,0,33,0,70,,1064,26,0,33,0
12100,'3',1559,,2257,13,0,28 29,0
12101,'3',829,,2258,5,0,28 29,0
13700,'3',1539,,2283,17,0,80 10 11 32 3 28 16,0
13701,'3',739,,2284,5,0,34,0
14401,'3',813,,2299,7,0,25,0
15200,'3',1601,,2306,19,0,19 1 55 73 85 80 10 11,0
15201,'3',821,,2307,12,0,19 1 20,0,0,,2308,9,0,19 1 20,0
