1000,'1',843,,993,37,4,,0,100,,994,37,4,,0,100,,990,37,4,,0,100,,984,37,4,,0,100,,992,37,4,,0,100,,988,37,4,,0,100,,987,37,4,,0,100,,985,37,4,,0,100,,989,37,4,,0,100,,983,37,4,,0,100,,991,37,4,,0,100,,986,37,4,,0
1000,'2',514,,1011,10,4,,0,29,,999,37,4,,0,70,,1000,37,4,,0,30,,1025,37,4,,0,70,,1018,37,4,,0,30,,998,37,4,,0,70,,1019,37,4,,0,30,,1006,37,4,,0,70,,1008,37,4,,0,30,,1001,37,4,,0,70,,1004,37,4,,0,30,,1009,37,4,,0,70,,996,37,4,,0,30,,1016,37,4,,0,70,,1003,37,4,,0,30,,997,37,4,,0,70,,1013,37,4,,0,30,,1010,37,4,,0,70,,1014,37,4,,0,30,,1017,37,4,,0,70,,1020,37,4,,0,30,,1021,37,4,,0,70,,1005,37,4,,0,30,,1015,37,4,,0,70,,1023,37,4,,0,30,,1022,37,4,,0,70,,1002,37,4,,0,30,,1012,37,4,,0,70,,1007,37,4,,0,30,,995,37,4,,0,70,,1024,37,4,,0
1000,'3',514,,1044,10,4,,0,29,,1049,37,4,,0,70,,1026,37,4,,0,30,,1048,37,4,,0,70,,1035,37,4,,0,30,,1047,37,4,,0,70,,1039,37,4,,0,30,,1051,37,4,,0,70,,1037,37,4,,0,30,,1055,37,4,,0,70,,1054,37,4,,0,30,,1036,37,4,,0,70,,1052,37,4,,0,30,,1029,37,4,,0,70,,1027,37,4,,0,30,,1053,37,4,,0,70,,1045,37,4,,0,30,,1046,37,4,,0,70,,1050,37,4,,0,30,,1043,37,4,,0,70,,1028,37,4,,0,30,,1032,37,4,,0,70,,1040,37,4,,0,30,,1038,37,4,,0,70,,1034,37,4,,0,30,,1031,37,4,,0,70,,1056,37,4,,0,30,,1041,37,4,,0,70,,1030,37,4,,0,30,,1042,37,4,,0,70,,1033,37,4,,0
1000,'4',514,,1075,10,4,,0,29,,1080,37,4,,0,70,,1057,37,4,,0,30,,1079,37,4,,0,70,,1066,37,4,,0,30,,1078,37,4,,0,70,,1070,37,4,,0,30,,1082,37,4,,0,70,,1068,37,4,,0,30,,1086,37,4,,0,70,,1085,37,4,,0,30,,1067,37,4,,0,70,,1083,37,4,,0,30,,1060,37,4,,0,70,,1058,37,4,,0,30,,1084,37,4,,0,70,,1076,37,4,,0,30,,1077,37,4,,0,70,,1081,37,4,,0,30,,1074,37,4,,0,70,,1059,37,4,,0,30,,1063,37,4,,0,70,,1071,37,4,,0,30,,1069,37,4,,0,70,,1065,37,4,,0,30,,1062,37,4,,0,70,,1087,37,4,,0,30,,1072,37,4,,0,70,,1061,37,4,,0,30,,1073,37,4,,0,70,,1064,37,4,,0
1001,'1',845,,1090,1,0,33,0,100,,1088,1,0,33,0,100,,1092,1,0,33,0,100,,1093,1,0,33,0,100,,1099,1,0,33,0,100,,1098,1,0,33,0,100,,1096,1,0,33,0,100,,1091,1,0,33,0,100,,1089,1,0,33,0,100,,1095,1,0,33,0,100,,1094,1,0,33,0,100,,1097,1,0,33,0
1001,'2',515,,1106,1,0,33,0,30,,1112,1,0,33,0,70,,1110,1,0,33,0,30,,1122,1,0,33,0,70,,1126,1,0,33,0,30,,1111,1,0,33,0,70,,1105,1,0,33,0,30,,1115,1,0,33,0,70,,1102,1,0,33,0,30,,1121,1,0,33,0,70,,1129,1,0,33,0,30,,1101,1,0,33,0,70,,1123,1,0,33,0,30,,1114,1,0,33,0,70,,1128,1,0,33,0,30,,1118,1,0,33,0,70,,1119,1,0,33,0,30,,1116,1,0,33,0,70,,1104,1,0,33,0,30,,1103,1,0,33,0,70,,1124,1,0,33,0,30,,1120,1,0,33,0,70,,1100,1,0,33,0,30,,1108,1,0,33,0,70,,1117,1,0,33,0,30,,1109,1,0,33,0,70,,1113,1,0,33,0,30,,1127,1,0,33,0,70,,1107,1,0,33,0,30,,1125,1,0,33,0
1001,'3',515,,1131,1,0,33,0,30,,1152,1,0,33,0,70,,1153,1,0,33,0,30,,1138,1,0,33,0,70,,1146,1,0,33,0,30,,1140,1,0,33,0,70,,1137,1,0,33,0,30,,1130,1,0,33,0,70,,1144,1,0,33,0,30,,1150,1,0,33,0,70,,1139,1,0,33,0,30,,1158,1,0,33,0,70,,1156,1,0,33,0,30,,1135,1,0,33,0,70,,1134,1,0,33,0,30,,1141,1,0,33,0,70,,1149,1,0,33,0,30,,1151,1,0,33,0,70,,1143,1,0,33,0,30,,1155,1,0,33,0,70,,1142,1,0,33,0,30,,1157,1,0,33,0,70,,1136,1,0,33,0,30,,1147,1,0,33,0,70,,1132,1,0,33,0,30,,1148,1,0,33,0,70,,1145,1,0,33,0,30,,1159,1,0,33,0,70,,1154,1,0,33,0,30,,1133,1,0,33,0
1001,'4',515,,1161,1,0,33,0,30,,1182,1,0,33,0,70,,1183,1,0,33,0,30,,1168,1,0,33,0,70,,1176,1,0,33,0,30,,1170,1,0,33,0,70,,1167,1,0,33,0,30,,1160,1,0,33,0,70,,1174,1,0,33,0,30,,1180,1,0,33,0,70,,1169,1,0,33,0,30,,1188,1,0,33,0,70,,1186,1,0,33,0,30,,1165,1,0,33,0,70,,1164,1,0,33,0,30,,1171,1,0,33,0,70,,1179,1,0,33,0,30,,1181,1,0,33,0,70,,1173,1,0,33,0,30,,1185,1,0,33,0,70,,1172,1,0,33,0,30,,1187,1,0,33,0,70,,1166,1,0,33,0,30,,1177,1,0,33,0,70,,1162,1,0,33,0,30,,1178,1,0,33,0,70,,1175,1,0,33,0,30,,1189,1,0,33,0,70,,1184,1,0,33,0,30,,1163,1,0,33,0
11100,'3',1506,,2249,20,,,0
11101,'3',741,,2250,10,,,0
13500,'3',1545,,2279,21,4,,0
13501,'3',741,,2280,10,,,0
14000,'3',1550,,2289,1,0,25,0
14001,'3',833,,2290,12,4,,0
14100,'3',1550,,2291,1,,,0
14101,'3',835,,2293,19,4,,0
14200,'3',1550,,2294,1,0,51 83 84 54 3 39,0
14201,'3',835,,2295,30,4,,0
14300,'3',1550,,2296,1,0,76 77 10 11 32 3 26 27,0
14301,'3',835,,2297,23,4,,0
14400,'3',1550,,2298,1,0,78 26 87 79 33,0
14401,'3',835,,2299,19,4,,0
