401,'1',838,,4378,18,0,21 2 22 23,0,100,,4385,18,0,21 2 22 23,0,100,,1538,18,0,21 2 22 23,0,100,,4382,18,0,21 2 22 23,0,100,,4381,18,0,21 2 22 23,0,100,,4386,18,0,21 2 22 23,0,100,,4384,18,0,21 2 22 23,0,100,,4380,18,0,21 2 22 23,0,100,,4377,18,0,21 2 22 23,0,100,,2529,18,0,21 2 22 23,0,100,,4383,18,0,21 2 22 23,0,100,,4379,19,0,21 2 22 23,0
401,'2',538,,4395,18,0,21 2 22 23,0,70,,4401,18,0,21 2 22 23,0,30,,4389,18,0,21 2 22 23,0,70,,2863,18,0,21 2 22 23,0,30,,3541,18,0,21 2 22 23,0,70,,4391,18,0,21 2 22 23,0,30,,4399,18,0,21 2 22 23,0,70,,3645,18,0,21 2 22 23,0,30,,2105,18,0,21 2 22 23,0,70,,4404,18,0,21 2 22 23,0,30,,2709,18,0,21 2 22 23,0,70,,4402,18,0,21 2 22 23,0,30,,4390,18,0,21 2 22 23,0,70,,4392,18,0,21 2 22 23,0,30,,2640,18,0,21 2 22 23,0,70,,4403,18,0,21 2 22 23,0,30,,4387,18,0,21 2 22 23,0,70,,3355,18,0,21 2 22 23,0,30,,4393,18,0,21 2 22 23,0,70,,4405,18,0,21 2 22 23,0,30,,3274,18,0,21 2 22 23,0,70,,4397,18,0,21 2 22 23,0,30,,4407,18,0,21 2 22 23,0,70,,4396,18,0,21 2 22 23,0,30,,1663,18,0,21 2 22 23,0,70,,2638,18,0,21 2 22 23,0,30,,4388,18,0,21 2 22 23,0,70,,4398,18,0,21 2 22 23,0,30,,3474,19,0,21 2 22 23,0,70,,4394,18,0,21 2 22 23,0,100,,4400,18,0,21 2 22 23,0,100,,4406,18,0,21 2 22 23,0,100,,3482,18,0,21 2 22 23,0
401,'3',538,,2601,18,0,21 2 22 23,0,70,,4419,18,0,21 2 22 23,0,30,,4420,18,0,21 2 22 23,0,70,,1972,18,0,21 2 22 23,0,30,,394,18,0,21 2 22 23,0,70,,3683,18,0,21 2 22 23,0,30,,4413,18,0,21 2 22 23,0,70,,4424,18,0,21 2 22 23,0,30,,537,18,0,21 2 22 23,0,70,,4423,18,0,21 2 22 23,0,30,,860,18,0,21 2 22 23,0,70,,2895,18,0,21 2 22 23,0,30,,4408,18,0,21 2 22 23,0,70,,2164,18,0,21 2 22 23,0,30,,3453,18,0,21 2 22 23,0,70,,4422,18,0,21 2 22 23,0,30,,4421,18,0,21 2 22 23,0,70,,2072,18,0,21 2 22 23,0,30,,4415,18,0,21 2 22 23,0,70,,2333,18,0,21 2 22 23,0,30,,1189,18,0,21 2 22 23,0,70,,4418,18,0,21 2 22 23,0,30,,4417,18,0,21 2 22 23,0,70,,2437,18,0,21 2 22 23,0,30,,4411,18,0,21 2 22 23,0,70,,4416,18,0,21 2 22 23,0,30,,3087,18,0,21 2 22 23,0,70,,4410,18,0,21 2 22 23,0,32,,4409,19,0,21 2 22 23,0,68,,2899,18,0,21 2 22 23,0,100,,4414,18,0,21 2 22 23,0,100,,3615,18,0,21 2 22 23,0,100,,4425,18,0,21 2 22 23,0
401,'4',538,,2584,18,0,21 2 22 23,0,70,,4437,18,0,21 2 22 23,0,30,,4438,18,0,21 2 22 23,0,70,,1949,18,0,21 2 22 23,0,30,,357,18,0,21 2 22 23,0,70,,3666,18,0,21 2 22 23,0,30,,4431,18,0,21 2 22 23,0,70,,4442,18,0,21 2 22 23,0,30,,501,18,0,21 2 22 23,0,70,,4441,18,0,21 2 22 23,0,30,,826,18,0,21 2 22 23,0,70,,2878,18,0,21 2 22 23,0,30,,4426,18,0,21 2 22 23,0,70,,2134,18,0,21 2 22 23,0,30,,3435,18,0,21 2 22 23,0,70,,4440,18,0,21 2 22 23,0,30,,4439,18,0,21 2 22 23,0,70,,2042,18,0,21 2 22 23,0,30,,4433,18,0,21 2 22 23,0,70,,2316,18,0,21 2 22 23,0,30,,1159,18,0,21 2 22 23,0,70,,4436,18,0,21 2 22 23,0,30,,4435,18,0,21 2 22 23,0,70,,2410,18,0,21 2 22 23,0,30,,4429,18,0,21 2 22 23,0,70,,4434,18,0,21 2 22 23,0,30,,3069,18,0,21 2 22 23,0,70,,4428,18,0,21 2 22 23,0,32,,4427,19,0,21 2 22 23,0,68,,2882,18,0,21 2 22 23,0,100,,4432,18,0,21 2 22 23,0,100,,3597,18,0,21 2 22 23,0,100,,4443,18,0,21 2 22 23,0
1501,'1',905,,5018,24,0,38 2 39,0,100,,5022,24,0,38 2 39,0,100,,5024,24,0,38 2 39,0,100,,5025,24,0,38 2 39,0,100,,5021,24,0,38 2 39,0,100,,5020,24,0,38 2 39,0,100,,5026,24,0,38 2 39,0,100,,5019,24,0,38 2 39,0,100,,3521,24,0,38 2 39,0,100,,2779,24,0,38 2 39,0,100,,3637,24,0,38 2 39,0,100,,5023,24,0,38 2 39,0
1501,'2',605,,5032,24,0,38 2 39,0,30,,5038,24,0,38 2 39,0,70,,2556,24,0,38 2 39,0,30,,5029,24,0,38 2 39,0,70,,5034,24,0,38 2 39,0,30,,5030,24,0,38 2 39,0,70,,185,24,0,38 2 39,0,30,,5027,24,0,38 2 39,0,70,,3534,24,0,38 2 39,0,100,,5042,24,0,38 2 39,0,100,,5041,24,0,38 2 39,0,100,,5031,24,0,38 2 39,0,100,,3592,24,0,38 2 39,0,100,,2375,24,0,38 2 39,0,30,,5039,24,0,38 2 39,0,70,,1126,24,0,38 2 39,0,30,,5036,24,0,38 2 39,0,70,,5033,24,0,38 2 39,0,30,,573,24,0,38 2 39,0,70,,5028,24,0,38 2 39,0,30,,5037,24,0,38 2 39,0,70,,5040,24,0,38 2 39,0,100,,5035,24,0,38 2 39,0
1501,'3',605,,5045,24,0,38 2 39,0,30,,2508,24,0,38 2 39,0,70,,5052,24,0,38 2 39,0,30,,5046,24,0,38 2 39,0,70,,3631,24,0,38 2 39,0,30,,2502,24,0,38 2 39,0,70,,5047,24,0,38 2 39,0,30,,5043,24,0,38 2 39,0,70,,3401,24,0,38 2 39,0,100,,641,24,0,38 2 39,0,100,,5050,24,0,38 2 39,0,100,,5054,24,0,38 2 39,0,100,,2505,24,0,38 2 39,0,100,,3687,24,0,38 2 39,0,30,,5048,24,0,38 2 39,0,70,,5051,24,0,38 2 39,0,30,,5053,24,0,38 2 39,0,70,,2695,24,0,38 2 39,0,30,,5055,24,0,38 2 39,0,70,,738,24,0,38 2 39,0,30,,5044,24,0,38 2 39,0,70,,957,24,0,38 2 39,0,100,,5049,24,0,38 2 39,0
1501,'4',605,,5058,24,0,38 2 39,0,30,,2487,24,0,38 2 39,0,70,,5064,24,0,38 2 39,0,30,,2122,24,0,38 2 39,0,70,,3613,24,0,38 2 39,0,30,,2482,24,0,38 2 39,0,70,,5059,24,0,38 2 39,0,30,,5056,24,0,38 2 39,0,70,,3380,24,0,38 2 39,0,100,,609,24,0,38 2 39,0,100,,5062,24,0,38 2 39,0,100,,5066,24,0,38 2 39,0,100,,2484,24,0,38 2 39,0,100,,3670,24,0,38 2 39,0,30,,5060,24,0,38 2 39,0,70,,5063,24,0,38 2 39,0,30,,5065,24,0,38 2 39,0,70,,2671,24,0,38 2 39,0,30,,5067,24,0,38 2 39,0,70,,704,24,0,38 2 39,0,30,,5057,24,0,38 2 39,0,70,,923,24,0,38 2 39,0,100,,5061,24,0,38 2 39,0
1601,'1',910,,5130,8,0,66 67,0,100,,5131,8,0,66 67,0,100,,5137,8,0,66 67,0,100,,2527,8,0,66 67,0,100,,5132,8,0,66 67,0,100,,2616,8,0,66 67,0,100,,5136,8,0,66 67,0,100,,5134,8,0,66 67,0,100,,5135,8,0,66 67,0,100,,5133,8,0,66 67,0,100,,5138,8,0,66 67,0,100,,3336,8,0,66 67,0
1601,'2',539,,5144,8,0,66 67,0,70,,2984,8,0,66 67,0,30,,2924,8,0,66 67,0,70,,5151,8,0,66 67,0,30,,5139,8,0,66 67,0,70,,5143,8,0,66 67,0,30,,5152,8,0,66 67,0,70,,30,8,0,66 67,0,30,,5149,8,0,66 67,0,70,,5146,8,0,66 67,0,30,,5153,8,0,66 67,0,70,,5148,8,0,66 67,0,30,,3272,8,0,66 67,0,70,,1303,8,0,66 67,0,30,,5141,8,0,66 67,0,70,,2725,8,0,66 67,0,30,,5145,8,0,66 67,0,70,,2384,8,0,66 67,0,30,,5147,8,0,66 67,0,70,,2720,8,0,66 67,0,30,,3187,8,0,66 67,0,70,,3256,8,0,66 67,0,30,,3484,8,0,66 67,0,70,,5155,8,0,66 67,0,30,,5150,8,0,66 67,0,70,,5154,8,0,66 67,0,30,,5142,8,0,66 67,0,70,,2983,8,0,66 67,0,30,,3046,8,0,66 67,0,70,,5140,8,0,66 67,0
1601,'3',539,,3088,8,0,66 67,0,70,,5168,8,0,66 67,0,30,,5169,8,0,66 67,0,70,,5157,8,0,66 67,0,30,,3215,8,0,66 67,0,70,,5171,8,0,66 67,0,30,,5163,8,0,66 67,0,70,,5172,8,0,66 67,0,30,,2756,8,0,66 67,0,70,,5161,8,0,66 67,0,30,,961,8,0,66 67,0,70,,5175,8,0,66 67,0,30,,5164,8,0,66 67,0,70,,5158,8,0,66 67,0,30,,1172,8,0,66 67,0,70,,529,8,0,66 67,0,30,,405,8,0,66 67,0,70,,5156,8,0,66 67,0,30,,5167,8,0,66 67,0,70,,5159,8,0,66 67,0,30,,5165,8,0,66 67,0,70,,5173,8,0,66 67,0,30,,1799,8,0,66 67,0,70,,2751,8,0,66 67,0,30,,1806,8,0,66 67,0,70,,5166,8,0,66 67,0,30,,5174,8,0,66 67,0,70,,5170,8,0,66 67,0,30,,5160,8,0,66 67,0,70,,5162,8,0,66 67,0
1601,'4',539,,3070,8,0,66 67,0,70,,5187,8,0,66 67,0,30,,5188,8,0,66 67,0,70,,1137,8,0,66 67,0,30,,3194,8,0,66 67,0,70,,5190,8,0,66 67,0,30,,5182,8,0,66 67,0,70,,5191,8,0,66 67,0,30,,2735,8,0,66 67,0,70,,5180,8,0,66 67,0,30,,927,8,0,66 67,0,70,,5194,8,0,66 67,0,30,,5183,8,0,66 67,0,70,,5177,8,0,66 67,0,30,,1142,8,0,66 67,0,70,,493,8,0,66 67,0,30,,368,8,0,66 67,0,70,,5176,8,0,66 67,0,30,,5186,8,0,66 67,0,70,,5178,8,0,66 67,0,30,,5184,8,0,66 67,0,70,,5192,8,0,66 67,0,30,,1774,8,0,66 67,0,70,,2730,8,0,66 67,0,30,,1781,8,0,66 67,0,70,,5185,8,0,66 67,0,30,,5193,8,0,66 67,0,70,,5189,8,0,66 67,0,30,,5179,8,0,66 67,0,70,,5181,8,0,66 67,0
11201,'3',759,,122,28,,,0
13201,'3',757,,389,13,0,33,0
13301,'3',755,,5251,14,,,0,0,,5250,17,,,0
13901,'3',754,,237,19,,,0
