1000,'1',837,,4448,27,0,32,0,100,,3577,27,0,32,0,100,,4446,27,0,32,0,100,,4444,27,0,32,0,100,,4451,27,0,32,0,100,,4449,27,0,32,0,100,,4445,27,0,32,0,100,,4453,27,0,32,0,100,,2457,27,0,32,0,100,,4447,27,0,32,0,100,,4452,27,0,32,0,100,,4450,27,0,32,0
1000,'2',537,,4468,27,0,32,0,70,,4463,27,0,32,0,30,,2381,27,0,32,0,70,,4465,27,0,32,0,30,,1753,27,0,32,0,70,,1007,27,0,32,0,30,,4454,27,0,32,0,70,,899,27,0,32,0,30,,4473,27,0,32,0,70,,3128,27,0,32,0,30,,4456,27,0,32,0,70,,1996,27,0,32,0,30,,4462,27,0,32,0,70,,4459,27,0,32,0,30,,2459,27,0,32,0,70,,4458,27,0,32,0,30,,4457,27,0,32,0,70,,4471,27,0,32,0,30,,4464,27,0,32,0,70,,2646,27,0,32,0,30,,4455,27,0,32,0,70,,4460,27,0,32,0,30,,195,27,0,32,0,70,,4467,27,0,32,0,30,,4469,27,0,32,0,70,,3270,27,0,32,0,30,,4461,27,0,32,0,70,,4472,27,0,32,0,30,,4466,27,0,32,0,70,,448,27,0,32,0
1000,'3',537,,4491,27,0,32,0,70,,2764,27,0,32,0,30,,4495,27,0,32,0,70,,4488,27,0,32,0,30,,4483,27,0,32,0,70,,4480,27,0,32,0,30,,3029,27,0,32,0,70,,4475,27,0,32,0,30,,4485,27,0,32,0,70,,4478,27,0,32,0,30,,4489,27,0,32,0,70,,3097,27,0,32,0,30,,4481,27,0,32,0,70,,4484,27,0,32,0,30,,4487,27,0,32,0,70,,2055,27,0,32,0,30,,4476,27,0,32,0,70,,3159,27,0,32,0,30,,2591,27,0,32,0,70,,4479,27,0,32,0,30,,4492,27,0,32,0,70,,4493,27,0,32,0,30,,4477,27,0,32,0,70,,1066,27,0,32,0,30,,4490,27,0,32,0,70,,3210,27,0,32,0,30,,4482,27,0,32,0,70,,4474,27,0,32,0,30,,383,27,0,32,0,70,,4486,27,0,32,0
1000,'4',537,,4513,27,0,32,0,70,,2743,27,0,32,0,30,,4516,27,0,32,0,70,,4510,27,0,32,0,30,,4505,27,0,32,0,70,,4502,27,0,32,0,30,,3009,27,0,32,0,70,,4497,27,0,32,0,30,,4507,27,0,32,0,70,,4500,27,0,32,0,30,,4511,27,0,32,0,70,,3077,27,0,32,0,30,,4503,27,0,32,0,70,,4506,27,0,32,0,30,,4509,27,0,32,0,70,,2025,27,0,32,0,30,,4498,27,0,32,0,70,,3144,27,0,32,0,30,,2574,27,0,32,0,70,,4501,27,0,32,0,30,,4514,27,0,32,0,70,,4515,27,0,32,0,30,,4499,27,0,32,0,70,,1035,27,0,32,0,30,,4512,27,0,32,0,70,,2309,27,0,32,0,30,,4504,27,0,32,0,70,,4496,27,0,32,0,30,,346,27,0,32,0,70,,4508,27,0,32,0
12100,'3',1600,,5237,14,0,27 28,0
12101,'3',830,,5238,6,0,27 28,0
13700,'3',1540,,2066,18,0,100 10 11 31 3 27 16,0
13701,'3',740,,5257,6,0,33,0
14401,'3',814,,5269,8,0,24,0
15200,'3',1602,,5273,20,0,54 93 105 100 10 11,0
15201,'3',822,,5275,10,0,75 1 76,0
