201,'1',823,,431,25,0,18,0,30,,418,25,0,18,0,70,,427,25,0,18,0,30,,409,25,0,18,0,70,,412,25,0,18,0,30,,419,25,0,18,0,70,,411,25,0,18,0,30,,425,25,0,18,0,70,,416,25,0,18,0,30,,422,25,0,18,0,70,,414,25,0,18,0,30,,417,25,0,18,0,70,,415,25,0,18,0,30,,413,25,0,18,0,70,,428,25,0,18,0,30,,408,25,0,18,0,70,,430,25,0,18,0,30,,423,25,0,18,0,70,,420,25,0,18,0,30,,426,25,0,18,0,70,,424,25,0,18,0,30,,429,25,0,18,0,70,,421,25,0,18,0,30,,410,25,0,18,0
201,'2',523,,441,25,0,18,0,30,,457,25,0,18,0,70,,449,25,0,18,0,30,,437,25,0,18,0,70,,435,25,0,18,0,30,,461,25,0,18,0,70,,453,25,0,18,0,30,,459,25,0,18,0,70,,440,25,0,18,0,30,,450,25,0,18,0,70,,444,25,0,18,0,30,,452,25,0,18,0,70,,436,25,0,18,0,30,,448,25,0,18,0,70,,460,25,0,18,0,30,,464,25,0,18,0,70,,446,25,0,18,0,30,,458,25,0,18,0,70,,439,25,0,18,0,30,,447,25,0,18,0,70,,438,25,0,18,0,30,,466,25,0,18,0,70,,442,25,0,18,0,30,,451,25,0,18,0,70,,434,25,0,18,0,30,,445,25,0,18,0,70,,432,25,0,18,0,30,,467,25,0,18,0,70,,463,25,0,18,0,30,,433,25,0,18,0,70,,465,25,0,18,0,30,,443,25,0,18,0,70,,462,25,0,18,0,30,,454,25,0,18,0,70,,455,25,0,18,0,30,,456,25,0,18,0
201,'3',523,,496,25,0,18,0,30,,492,25,0,18,0,70,,481,25,0,18,0,30,,490,25,0,18,0,70,,472,25,0,18,0,30,,473,25,0,18,0,70,,497,25,0,18,0,30,,470,25,0,18,0,70,,476,25,0,18,0,30,,502,25,0,18,0,70,,495,25,0,18,0,30,,500,25,0,18,0,70,,501,25,0,18,0,30,,493,25,0,18,0,70,,489,25,0,18,0,30,,486,25,0,18,0,70,,468,25,0,18,0,30,,483,25,0,18,0,70,,480,25,0,18,0,30,,478,25,0,18,0,70,,494,25,0,18,0,30,,469,25,0,18,0,70,,487,25,0,18,0,30,,484,25,0,18,0,70,,471,25,0,18,0,30,,475,25,0,18,0,70,,491,25,0,18,0,30,,488,25,0,18,0,70,,474,25,0,18,0,30,,479,25,0,18,0,70,,482,25,0,18,0,30,,499,25,0,18,0,70,,485,25,0,18,0,30,,503,25,0,18,0,70,,477,25,0,18,0,30,,498,25,0,18,0
201,'4',523,,532,25,0,18,0,30,,528,25,0,18,0,70,,517,25,0,18,0,30,,526,25,0,18,0,70,,508,25,0,18,0,30,,509,25,0,18,0,70,,533,25,0,18,0,30,,506,25,0,18,0,70,,512,25,0,18,0,30,,538,25,0,18,0,70,,531,25,0,18,0,30,,536,25,0,18,0,70,,537,25,0,18,0,30,,529,25,0,18,0,70,,525,25,0,18,0,30,,522,25,0,18,0,70,,504,25,0,18,0,30,,519,25,0,18,0,70,,516,25,0,18,0,30,,514,25,0,18,0,70,,530,25,0,18,0,30,,505,25,0,18,0,70,,523,25,0,18,0,30,,520,25,0,18,0,70,,507,25,0,18,0,30,,511,25,0,18,0,70,,527,25,0,18,0,30,,524,25,0,18,0,70,,510,25,0,18,0,30,,515,25,0,18,0,70,,518,25,0,18,0,30,,535,25,0,18,0,70,,521,25,0,18,0,30,,539,25,0,18,0,70,,513,25,0,18,0,30,,534,25,0,18,0
1001,'1',854,,1090,10,0,33,0,100,,1088,10,0,33,0,100,,1092,10,0,33,0,100,,1093,10,0,33,0,100,,1099,10,0,33,0,100,,1098,10,0,33,0,100,,1096,10,0,33,0,100,,1091,10,0,33,0,100,,1089,10,0,33,0,100,,1095,10,0,33,0,100,,1094,10,0,33,0,100,,1097,10,0,33,0
1001,'2',524,,1106,10,0,33,0,30,,1112,10,0,33,0,70,,1110,10,0,33,0,30,,1122,10,0,33,0,70,,1126,10,0,33,0,30,,1111,10,0,33,0,70,,1105,10,0,33,0,30,,1115,10,0,33,0,70,,1102,10,0,33,0,30,,1121,10,0,33,0,70,,1129,10,0,33,0,30,,1101,10,0,33,0,70,,1123,10,0,33,0,30,,1114,10,0,33,0,70,,1128,10,0,33,0,30,,1118,10,0,33,0,70,,1119,10,0,33,0,30,,1116,10,0,33,0,70,,1104,10,0,33,0,30,,1103,10,0,33,0,70,,1124,10,0,33,0,30,,1120,10,0,33,0,70,,1100,10,0,33,0,30,,1108,10,0,33,0,70,,1117,10,0,33,0,30,,1109,10,0,33,0,70,,1113,10,0,33,0,30,,1127,10,0,33,0,70,,1107,10,0,33,0,30,,1125,10,0,33,0
1001,'3',524,,1131,10,0,33,0,30,,1152,10,0,33,0,70,,1153,10,0,33,0,30,,1138,10,0,33,0,70,,1146,10,0,33,0,30,,1140,10,0,33,0,70,,1137,10,0,33,0,30,,1130,10,0,33,0,70,,1144,10,0,33,0,30,,1150,10,0,33,0,70,,1139,10,0,33,0,30,,1158,10,0,33,0,70,,1156,10,0,33,0,30,,1135,10,0,33,0,70,,1134,10,0,33,0,30,,1141,10,0,33,0,70,,1149,10,0,33,0,30,,1151,10,0,33,0,70,,1143,10,0,33,0,30,,1155,10,0,33,0,70,,1142,10,0,33,0,30,,1157,10,0,33,0,70,,1136,10,0,33,0,30,,1147,10,0,33,0,70,,1132,10,0,33,0,30,,1148,10,0,33,0,70,,1145,10,0,33,0,30,,1159,10,0,33,0,70,,1154,10,0,33,0,30,,1133,10,0,33,0
1001,'4',524,,1161,10,0,33,0,30,,1182,10,0,33,0,70,,1183,10,0,33,0,30,,1168,10,0,33,0,70,,1176,10,0,33,0,30,,1170,10,0,33,0,70,,1167,10,0,33,0,30,,1160,10,0,33,0,70,,1174,10,0,33,0,30,,1180,10,0,33,0,70,,1169,10,0,33,0,30,,1188,10,0,33,0,70,,1186,10,0,33,0,30,,1165,10,0,33,0,70,,1164,10,0,33,0,30,,1171,10,0,33,0,70,,1179,10,0,33,0,30,,1181,10,0,33,0,70,,1173,10,0,33,0,30,,1185,10,0,33,0,70,,1172,10,0,33,0,30,,1187,10,0,33,0,70,,1166,10,0,33,0,30,,1177,10,0,33,0,70,,1162,10,0,33,0,30,,1178,10,0,33,0,70,,1175,10,0,33,0,30,,1189,10,0,33,0,70,,1184,10,0,33,0,30,,1163,10,0,33,0
11101,'3',748,,2250,14,,,0
12001,'3',828,,2256,4,0,28 29,0
13501,'3',752,,2280,20,,,0
14000,'3',1555,,2289,4,0,25,0
14300,'3',1558,,2296,4,0,76 77 10 11 32 3 26 27,0
