201,'1',838,,431,0,18,0,70,,418,0,18,0,30,,427,0,18,0,70,,409,0,18,0,30,,412,0,18,0,70,,419,0,18,0,30,,411,0,18,0,70,,425,0,18,0,30,,416,0,18,0,70,,422,0,18,0,30,,414,0,18,0,70,,417,0,18,0,30,,415,0,18,0,70,,413,0,18,0,30,,428,0,18,0,70,,408,0,18,0,30,,430,0,18,0,70,,423,0,18,0,30,,420,0,18,0,70,,426,0,18,0,30,,424,0,18,0,70,,429,0,18,0,30,,421,0,18,0,70,,410,0,18,0
201,'2',538,,441,0,18,0,70,,457,0,18,0,30,,449,0,18,0,70,,437,0,18,0,30,,435,0,18,0,70,,461,0,18,0,30,,453,0,18,0,70,,459,0,18,0,30,,440,0,18,0,70,,450,0,18,0,30,,444,0,18,0,70,,452,0,18,0,30,,436,0,18,0,70,,448,0,18,0,30,,460,0,18,0,70,,464,0,18,0,30,,446,0,18,0,70,,458,0,18,0,30,,439,0,18,0,70,,447,0,18,0,30,,438,0,18,0,70,,466,0,18,0,30,,442,0,18,0,70,,451,0,18,0,30,,434,0,18,0,70,,445,0,18,0,30,,432,0,18,0,70,,467,0,18,0,30,,463,0,18,0,70,,433,0,18,0,30,,465,0,18,0,70,,443,0,18,0,30,,462,0,18,0,70,,454,0,18,0,30,,455,0,18,0,70,,456,0,18,0
201,'3',538,,496,0,18,0,70,,492,0,18,0,30,,481,0,18,0,70,,490,0,18,0,30,,472,0,18,0,70,,473,0,18,0,30,,497,0,18,0,70,,470,0,18,0,30,,476,0,18,0,70,,502,0,18,0,30,,495,0,18,0,70,,500,0,18,0,30,,501,0,18,0,70,,493,0,18,0,30,,489,0,18,0,70,,486,0,18,0,30,,468,0,18,0,70,,483,0,18,0,30,,480,0,18,0,70,,478,0,18,0,30,,494,0,18,0,70,,469,0,18,0,30,,487,0,18,0,70,,484,0,18,0,30,,471,0,18,0,70,,475,0,18,0,30,,491,0,18,0,70,,488,0,18,0,30,,474,0,18,0,70,,479,0,18,0,30,,482,0,18,0,70,,499,0,18,0,30,,485,0,18,0,70,,503,0,18,0,30,,477,0,18,0,70,,498,0,18,0
201,'4',538,,532,0,18,0,70,,528,0,18,0,30,,517,0,18,0,70,,526,0,18,0,30,,508,0,18,0,70,,509,0,18,0,30,,533,0,18,0,70,,506,0,18,0,30,,512,0,18,0,70,,538,0,18,0,30,,531,0,18,0,70,,536,0,18,0,30,,537,0,18,0,70,,529,0,18,0,30,,525,0,18,0,70,,522,0,18,0,30,,504,0,18,0,70,,519,0,18,0,30,,516,0,18,0,70,,514,0,18,0,30,,530,0,18,0,70,,505,0,18,0,30,,523,0,18,0,70,,520,0,18,0,30,,507,0,18,0,70,,511,0,18,0,30,,527,0,18,0,70,,524,0,18,0,30,,510,0,18,0,70,,515,0,18,0,30,,518,0,18,0,70,,535,0,18,0,30,,521,0,18,0,70,,539,0,18,0,30,,513,0,18,0,70,,534,0,18,0
301,'1',836,,653,0,67 2 66,0,100,,651,0,67 2 66,0,100,,646,0,67 2 66,0,100,,654,0,67 2 66,0,100,,647,0,67 2 66,0,100,,652,0,67 2 66,0,100,,648,0,67 2 66,0,100,,655,0,67 2 66,0,100,,649,0,67 2 66,0,100,,644,0,67 2 66,0,100,,645,0,67 2 66,0,100,,650,0,67 2 66,0
301,'2',536,,685,0,67 2 66,0,70,,683,0,67 2 66,0,30,,681,0,67 2 66,0,70,,664,0,67 2 66,0,30,,676,0,67 2 66,0,70,,682,0,67 2 66,0,30,,674,0,67 2 66,0,70,,659,0,67 2 66,0,30,,663,0,67 2 66,0,70,,656,0,67 2 66,0,30,,666,0,67 2 66,0,70,,673,0,67 2 66,0,30,,671,0,67 2 66,0,70,,675,0,67 2 66,0,100,,662,0,67 2 66,0,100,,669,0,67 2 66,0,100,,684,0,67 2 66,0,100,,680,0,67 2 66,0,30,,670,0,67 2 66,0,70,,661,0,67 2 66,0,30,,668,0,67 2 66,0,70,,660,0,67 2 66,0,30,,672,0,67 2 66,0,70,,667,0,67 2 66,0,30,,677,0,67 2 66,0,70,,679,0,67 2 66,0,30,,657,0,67 2 66,0,100,,665,0,67 2 66,0,100,,658,0,67 2 66,0,100,,678,0,67 2 66,0
301,'3',536,,687,0,67 2 66,0,70,,692,0,67 2 66,0,30,,695,0,67 2 66,0,70,,703,0,67 2 66,0,30,,700,0,67 2 66,0,70,,718,0,67 2 66,0,30,,708,0,67 2 66,0,70,,699,0,67 2 66,0,30,,698,0,67 2 66,0,70,,696,0,67 2 66,0,30,,688,0,67 2 66,0,70,,715,0,67 2 66,0,30,,691,0,67 2 66,0,70,,710,0,67 2 66,0,30,,711,0,67 2 66,0,70,,712,0,67 2 66,0,30,,689,0,67 2 66,0,70,,719,0,67 2 66,0,30,,704,0,67 2 66,0,70,,717,0,67 2 66,0,30,,690,0,67 2 66,0,70,,701,0,67 2 66,0,30,,702,0,67 2 66,0,70,,706,0,67 2 66,0,30,,714,0,67 2 66,0,70,,697,0,67 2 66,0,30,,713,0,67 2 66,0,70,,705,0,67 2 66,0,30,,694,0,67 2 66,0,70,,716,0,67 2 66,0,30,,686,0,67 2 66,0,100,,709,0,67 2 66,0,100,,707,0,67 2 66,0,100,,693,0,67 2 66,0
301,'4',536,,721,0,67 2 66,0,70,,726,0,67 2 66,0,30,,729,0,67 2 66,0,70,,737,0,67 2 66,0,30,,734,0,67 2 66,0,70,,752,0,67 2 66,0,30,,742,0,67 2 66,0,70,,733,0,67 2 66,0,30,,732,0,67 2 66,0,70,,730,0,67 2 66,0,30,,722,0,67 2 66,0,70,,749,0,67 2 66,0,30,,725,0,67 2 66,0,70,,744,0,67 2 66,0,30,,745,0,67 2 66,0,70,,746,0,67 2 66,0,30,,723,0,67 2 66,0,70,,753,0,67 2 66,0,30,,738,0,67 2 66,0,70,,751,0,67 2 66,0,30,,724,0,67 2 66,0,70,,735,0,67 2 66,0,30,,736,0,67 2 66,0,70,,740,0,67 2 66,0,30,,748,0,67 2 66,0,70,,731,0,67 2 66,0,30,,747,0,67 2 66,0,70,,739,0,67 2 66,0,30,,728,0,67 2 66,0,70,,750,0,67 2 66,0,30,,720,0,67 2 66,0,100,,743,0,67 2 66,0,100,,741,0,67 2 66,0,100,,727,0,67 2 66,0
1101,'1',849,,1290,0,5 2 6 7,0,100,,1299,0,5 2 6 7,0,100,,1297,0,5 2 6 7,0,100,,1298,0,5 2 6 7,0,100,,1296,0,5 2 6 7,0,100,,1295,0,5 2 6 7,0,100,,1294,0,5 2 6 7,0,100,,1289,0,5 2 6 7,0,100,,1293,0,5 2 6 7,0,100,,1292,0,5 2 6 7,0,100,,1291,0,5 2 6 7,0,100,,1300,0,5 2 6 7,0
1101,'2',549,,1326,0,5 2 6 7,0,70,,1323,0,5 2 6 7,0,30,,1316,0,5 2 6 7,0,70,,1314,0,5 2 6 7,0,30,,1312,0,5 2 6 7,0,70,,1322,0,5 2 6 7,0,30,,1308,0,5 2 6 7,0,70,,1317,0,5 2 6 7,0,30,,1319,0,5 2 6 7,0,70,,1325,0,5 2 6 7,0,30,,1321,0,5 2 6 7,0,70,,1301,0,5 2 6 7,0,30,,1309,0,5 2 6 7,0,70,,1304,0,5 2 6 7,0,30,,1327,0,5 2 6 7,0,70,,1302,0,5 2 6 7,0,30,,1318,0,5 2 6 7,0,70,,1311,0,5 2 6 7,0,30,,1307,0,5 2 6 7,0,70,,1328,0,5 2 6 7,0,30,,1324,0,5 2 6 7,0,70,,1306,0,5 2 6 7,0,30,,1315,0,5 2 6 7,0,70,,1313,0,5 2 6 7,0,30,,1320,0,5 2 6 7,0,70,,1303,0,5 2 6 7,0,30,,1329,0,5 2 6 7,0,70,,1310,0,5 2 6 7,0,30,,1305,0,5 2 6 7,0
1101,'3',549,,1358,0,5 2 6 7,0,70,,1352,0,5 2 6 7,0,30,,1332,0,5 2 6 7,0,70,,1350,0,5 2 6 7,0,30,,1351,0,5 2 6 7,0,70,,1336,0,5 2 6 7,0,30,,1343,0,5 2 6 7,0,70,,1356,0,5 2 6 7,0,30,,1333,0,5 2 6 7,0,70,,1346,0,5 2 6 7,0,30,,1339,0,5 2 6 7,0,70,,1341,0,5 2 6 7,0,30,,1349,0,5 2 6 7,0,70,,1334,0,5 2 6 7,0,30,,1338,0,5 2 6 7,0,70,,1345,0,5 2 6 7,0,30,,1344,0,5 2 6 7,0,70,,1354,0,5 2 6 7,0,30,,1330,0,5 2 6 7,0,70,,1337,0,5 2 6 7,0,30,,1335,0,5 2 6 7,0,70,,1348,0,5 2 6 7,0,30,,1353,0,5 2 6 7,0,70,,1357,0,5 2 6 7,0,30,,1347,0,5 2 6 7,0,70,,1331,0,5 2 6 7,0,30,,1355,0,5 2 6 7,0,70,,1342,0,5 2 6 7,0,30,,1340,0,5 2 6 7,0
1101,'4',549,,1387,0,5 2 6 7,0,70,,1381,0,5 2 6 7,0,30,,1361,0,5 2 6 7,0,70,,1379,0,5 2 6 7,0,30,,1380,0,5 2 6 7,0,70,,1365,0,5 2 6 7,0,30,,1372,0,5 2 6 7,0,70,,1385,0,5 2 6 7,0,30,,1362,0,5 2 6 7,0,70,,1375,0,5 2 6 7,0,30,,1368,0,5 2 6 7,0,70,,1370,0,5 2 6 7,0,30,,1378,0,5 2 6 7,0,70,,1363,0,5 2 6 7,0,30,,1367,0,5 2 6 7,0,70,,1374,0,5 2 6 7,0,30,,1373,0,5 2 6 7,0,70,,1383,0,5 2 6 7,0,30,,1359,0,5 2 6 7,0,70,,1366,0,5 2 6 7,0,30,,1364,0,5 2 6 7,0,70,,1377,0,5 2 6 7,0,30,,1382,0,5 2 6 7,0,70,,1386,0,5 2 6 7,0,30,,1376,0,5 2 6 7,0,70,,1360,0,5 2 6 7,0,30,,1384,0,5 2 6 7,0,70,,1371,0,5 2 6 7,0,30,,1369,0,5 2 6 7,0
1200,'1',806,,1395,0,69 70,0,30,,1408,0,69 70,0,70,,1407,0,69 70,0,30,,1404,0,69 70,0,70,,1398,0,69 70,0,30,,1393,0,69 70,0,70,,1399,0,69 70,0,30,,1411,0,69 70,0,70,,1389,0,69 70,0,30,,1405,0,69 70,0,70,,1401,0,69 70,0,30,,1392,0,69 70,0,70,,1406,0,69 70,0,30,,1414,0,69 70,0,70,,1390,0,69 70,0,30,,1400,0,69 70,0,70,,1388,0,69 70,0,30,,1403,0,69 70,0,70,,1410,0,69 70,0,30,,1413,0,69 70,0,70,,1396,0,69 70,0,30,,1412,0,69 70,0,70,,1397,0,69 70,0,30,,1394,0,69 70,0,70,,1391,0,69 70,0,30,,1409,0,69 70,0,70,,1402,0,69 70,0
1200,'2',706,,1441,0,69 70,0,30,,1431,0,69 70,0,70,,1421,0,69 70,0,30,,1442,0,69 70,0,70,,1439,0,69 70,0,30,,1425,0,69 70,0,70,,1419,0,69 70,0,30,,1424,0,69 70,0,70,,1445,0,69 70,0,30,,1447,0,69 70,0,70,,1416,0,69 70,0,30,,1422,0,69 70,0,70,,1426,0,69 70,0,30,,1438,0,69 70,0,70,,1444,0,69 70,0,30,,1428,0,69 70,0,70,,1430,0,69 70,0,30,,1417,0,69 70,0,70,,1418,0,69 70,0,30,,1420,0,69 70,0,70,,1429,0,69 70,0,30,,1440,0,69 70,0,70,,1423,0,69 70,0,30,,1446,0,69 70,0,70,,1433,0,69 70,0,30,,1443,0,69 70,0,70,,1437,0,69 70,0,30,,1435,0,69 70,0,70,,1436,0,69 70,0,30,,1427,0,69 70,0,70,,1432,0,69 70,0,30,,1415,0,69 70,0,70,,1434,0,69 70,0
1200,'3',706,,1448,0,69 70,0,30,,1459,0,69 70,0,70,,1470,0,69 70,0,30,,1456,0,69 70,0,70,,1480,0,69 70,0,30,,1465,0,69 70,0,70,,1455,0,69 70,0,30,,1471,0,69 70,0,70,,1475,0,69 70,0,30,,1449,0,69 70,0,70,,1457,0,69 70,0,30,,1464,0,69 70,0,70,,1453,0,69 70,0,30,,1468,0,69 70,0,70,,1479,0,69 70,0,30,,1478,0,69 70,0,70,,1472,0,69 70,0,30,,1469,0,69 70,0,70,,1451,0,69 70,0,30,,1460,0,69 70,0,70,,1454,0,69 70,0,30,,1463,0,69 70,0,70,,1450,0,69 70,0,30,,1462,0,69 70,0,70,,1477,0,69 70,0,30,,1473,0,69 70,0,70,,1467,0,69 70,0,30,,1458,0,69 70,0,70,,1466,0,69 70,0,30,,1461,0,69 70,0,70,,1476,0,69 70,0,30,,1452,0,69 70,0,70,,1474,0,69 70,0
1200,'4',706,,1481,0,69 70,0,30,,1492,0,69 70,0,70,,1503,0,69 70,0,30,,1489,0,69 70,0,70,,1513,0,69 70,0,30,,1498,0,69 70,0,70,,1488,0,69 70,0,30,,1504,0,69 70,0,70,,1508,0,69 70,0,30,,1482,0,69 70,0,70,,1490,0,69 70,0,30,,1497,0,69 70,0,70,,1486,0,69 70,0,30,,1501,0,69 70,0,70,,1512,0,69 70,0,30,,1511,0,69 70,0,70,,1505,0,69 70,0,30,,1502,0,69 70,0,70,,1484,0,69 70,0,30,,1493,0,69 70,0,70,,1487,0,69 70,0,30,,1496,0,69 70,0,70,,1483,0,69 70,0,30,,1495,0,69 70,0,70,,1510,0,69 70,0,30,,1506,0,69 70,0,70,,1500,0,69 70,0,30,,1491,0,69 70,0,70,,1499,0,69 70,0,30,,1494,0,69 70,0,70,,1509,0,69 70,0,30,,1485,0,69 70,0,70,,1507,0,69 70,0
