400,'1',853,,755,36,0,22 2 23 24,0,100,,756,36,0,22 2 23 24,0,100,,766,36,0,22 2 23 24,0,100,,764,36,0,22 2 23 24,0,100,,762,36,0,22 2 23 24,0,100,,757,36,0,22 2 23 24,0,100,,758,36,0,22 2 23 24,0,100,,761,36,0,22 2 23 24,0,100,,760,36,0,22 2 23 24,0,100,,765,36,0,22 2 23 24,0,100,,754,36,0,22 2 23 24,0,100,,759,36,0,22 2 23 24,0
400,'2',553,,790,36,0,22 2 23 24,0,70,,784,36,0,22 2 23 24,0,30,,770,36,0,22 2 23 24,0,70,,777,36,0,22 2 23 24,0,30,,797,36,0,22 2 23 24,0,70,,788,36,0,22 2 23 24,0,30,,796,36,0,22 2 23 24,0,70,,798,36,0,22 2 23 24,0,30,,771,36,0,22 2 23 24,0,70,,779,36,0,22 2 23 24,0,30,,776,36,0,22 2 23 24,0,70,,793,36,0,22 2 23 24,0,30,,792,36,0,22 2 23 24,0,70,,789,36,0,22 2 23 24,0,30,,786,36,0,22 2 23 24,0,70,,775,36,0,22 2 23 24,0,30,,781,36,0,22 2 23 24,0,70,,773,36,0,22 2 23 24,0,30,,782,36,0,22 2 23 24,0,70,,778,36,0,22 2 23 24,0,30,,780,36,0,22 2 23 24,0,70,,772,36,0,22 2 23 24,0,30,,767,36,0,22 2 23 24,0,70,,768,36,0,22 2 23 24,0,30,,769,36,0,22 2 23 24,0,70,,785,36,0,22 2 23 24,0,30,,774,36,0,22 2 23 24,0,70,,783,36,0,22 2 23 24,0,30,,800,36,0,22 2 23 24,0,70,,787,36,0,22 2 23 24,0,100,,791,36,0,22 2 23 24,0,100,,799,36,0,22 2 23 24,0,100,,794,36,0,22 2 23 24,0
400,'3',553,,813,36,0,22 2 23 24,0,70,,805,36,0,22 2 23 24,0,30,,801,36,0,22 2 23 24,0,70,,807,36,0,22 2 23 24,0,30,,809,36,0,22 2 23 24,0,70,,826,36,0,22 2 23 24,0,30,,820,36,0,22 2 23 24,0,70,,812,36,0,22 2 23 24,0,30,,811,36,0,22 2 23 24,0,70,,814,36,0,22 2 23 24,0,30,,822,36,0,22 2 23 24,0,70,,824,36,0,22 2 23 24,0,30,,815,36,0,22 2 23 24,0,70,,817,36,0,22 2 23 24,0,30,,833,36,0,22 2 23 24,0,70,,816,36,0,22 2 23 24,0,30,,832,36,0,22 2 23 24,0,70,,819,36,0,22 2 23 24,0,30,,806,36,0,22 2 23 24,0,70,,803,36,0,22 2 23 24,0,30,,831,36,0,22 2 23 24,0,70,,804,36,0,22 2 23 24,0,30,,808,36,0,22 2 23 24,0,70,,810,36,0,22 2 23 24,0,30,,821,36,0,22 2 23 24,0,70,,825,36,0,22 2 23 24,0,30,,829,36,0,22 2 23 24,0,70,,818,36,0,22 2 23 24,0,30,,823,36,0,22 2 23 24,0,70,,834,36,0,22 2 23 24,0,100,,802,36,0,22 2 23 24,0,100,,830,36,0,22 2 23 24,0,100,,828,36,0,22 2 23 24,0
400,'4',553,,847,36,0,22 2 23 24,0,70,,839,36,0,22 2 23 24,0,30,,835,36,0,22 2 23 24,0,70,,841,36,0,22 2 23 24,0,30,,843,36,0,22 2 23 24,0,70,,860,36,0,22 2 23 24,0,30,,854,36,0,22 2 23 24,0,70,,846,36,0,22 2 23 24,0,30,,845,36,0,22 2 23 24,0,70,,848,36,0,22 2 23 24,0,30,,856,36,0,22 2 23 24,0,70,,858,36,0,22 2 23 24,0,30,,849,36,0,22 2 23 24,0,70,,851,36,0,22 2 23 24,0,30,,867,36,0,22 2 23 24,0,70,,850,36,0,22 2 23 24,0,30,,866,36,0,22 2 23 24,0,70,,853,36,0,22 2 23 24,0,30,,840,36,0,22 2 23 24,0,70,,837,36,0,22 2 23 24,0,30,,865,36,0,22 2 23 24,0,70,,838,36,0,22 2 23 24,0,30,,842,36,0,22 2 23 24,0,70,,844,36,0,22 2 23 24,0,30,,855,36,0,22 2 23 24,0,70,,859,36,0,22 2 23 24,0,30,,863,36,0,22 2 23 24,0,70,,852,36,0,22 2 23 24,0,30,,857,36,0,22 2 23 24,0,70,,868,36,0,22 2 23 24,0,100,,836,36,0,22 2 23 24,0,100,,864,36,0,22 2 23 24,0,100,,862,36,0,22 2 23 24,0
1001,'1',905,,1090,23,0,33,0,100,,1088,23,0,33,0,100,,1092,23,0,33,0,100,,1093,23,0,33,0,100,,1099,23,0,33,0,100,,1098,23,0,33,0,100,,1096,23,0,33,0,100,,1091,23,0,33,0,100,,1089,23,0,33,0,100,,1095,23,0,33,0,100,,1094,23,0,33,0,100,,1097,23,0,33,0
1001,'2',535,,1106,23,0,33,0,70,,1112,23,0,33,0,30,,1110,23,0,33,0,70,,1122,23,0,33,0,30,,1126,23,0,33,0,70,,1111,23,0,33,0,30,,1105,23,0,33,0,70,,1115,23,0,33,0,30,,1102,23,0,33,0,70,,1121,23,0,33,0,30,,1129,23,0,33,0,70,,1101,23,0,33,0,30,,1123,23,0,33,0,70,,1114,23,0,33,0,30,,1128,23,0,33,0,70,,1118,23,0,33,0,30,,1119,23,0,33,0,70,,1116,23,0,33,0,30,,1104,23,0,33,0,70,,1103,23,0,33,0,30,,1124,23,0,33,0,70,,1120,23,0,33,0,30,,1100,23,0,33,0,70,,1108,23,0,33,0,30,,1117,23,0,33,0,70,,1109,23,0,33,0,30,,1113,23,0,33,0,70,,1127,23,0,33,0,30,,1107,23,0,33,0,70,,1125,23,0,33,0
1001,'3',535,,1131,23,0,33,0,70,,1152,23,0,33,0,30,,1153,23,0,33,0,70,,1138,23,0,33,0,30,,1146,23,0,33,0,70,,1140,23,0,33,0,30,,1137,23,0,33,0,70,,1130,23,0,33,0,30,,1144,23,0,33,0,70,,1150,23,0,33,0,30,,1139,23,0,33,0,70,,1158,23,0,33,0,30,,1156,23,0,33,0,70,,1135,23,0,33,0,30,,1134,23,0,33,0,70,,1141,23,0,33,0,30,,1149,23,0,33,0,70,,1151,23,0,33,0,30,,1143,23,0,33,0,70,,1155,23,0,33,0,30,,1142,23,0,33,0,70,,1157,23,0,33,0,30,,1136,23,0,33,0,70,,1147,23,0,33,0,30,,1132,23,0,33,0,70,,1148,23,0,33,0,30,,1145,23,0,33,0,70,,1159,23,0,33,0,30,,1154,23,0,33,0,70,,1133,23,0,33,0
1001,'4',535,,1161,23,0,33,0,70,,1182,23,0,33,0,30,,1183,23,0,33,0,70,,1168,23,0,33,0,30,,1176,23,0,33,0,70,,1170,23,0,33,0,30,,1167,23,0,33,0,70,,1160,23,0,33,0,30,,1174,23,0,33,0,70,,1180,23,0,33,0,30,,1169,23,0,33,0,70,,1188,23,0,33,0,30,,1186,23,0,33,0,70,,1165,23,0,33,0,30,,1164,23,0,33,0,70,,1171,23,0,33,0,30,,1179,23,0,33,0,70,,1181,23,0,33,0,30,,1173,23,0,33,0,70,,1185,23,0,33,0,30,,1172,23,0,33,0,70,,1187,23,0,33,0,30,,1166,23,0,33,0,70,,1177,23,0,33,0,30,,1162,23,0,33,0,70,,1178,23,0,33,0,30,,1175,23,0,33,0,70,,1189,23,0,33,0,30,,1184,23,0,33,0,70,,1163,23,0,33,0
1100,'1',838,,1197,45,0,5 2 6 7,0,100,,1191,45,0,5 2 6 7,0,100,,1201,45,0,5 2 6 7,0,100,,1199,45,0,5 2 6 7,0,100,,1196,45,0,5 2 6 7,0,100,,1194,45,0,5 2 6 7,0,100,,1192,45,0,5 2 6 7,0,100,,1200,45,0,5 2 6 7,0,100,,1195,45,0,5 2 6 7,0,100,,1190,45,0,5 2 6 7,0,100,,1193,45,0,5 2 6 7,0,100,,1198,45,0,5 2 6 7,0
1100,'2',608,,1210,45,0,5 2 6 7,0,30,,1205,45,0,5 2 6 7,0,70,,1211,45,0,5 2 6 7,0,30,,1212,45,0,5 2 6 7,0,70,,1216,45,0,5 2 6 7,0,30,,1214,45,0,5 2 6 7,0,70,,1229,45,0,5 2 6 7,0,30,,1207,45,0,5 2 6 7,0,70,,1230,45,0,5 2 6 7,0,30,,1222,45,0,5 2 6 7,0,70,,1224,45,0,5 2 6 7,0,30,,1202,45,0,5 2 6 7,0,70,,1221,45,0,5 2 6 7,0,30,,1217,45,0,5 2 6 7,0,70,,1220,45,0,5 2 6 7,0,30,,1228,45,0,5 2 6 7,0,70,,1223,45,0,5 2 6 7,0,30,,1219,45,0,5 2 6 7,0,70,,1218,45,0,5 2 6 7,0,30,,1227,45,0,5 2 6 7,0,70,,1206,45,0,5 2 6 7,0,30,,1226,45,0,5 2 6 7,0,70,,1203,45,0,5 2 6 7,0,30,,1204,45,0,5 2 6 7,0,70,,1209,45,0,5 2 6 7,0,30,,1215,45,0,5 2 6 7,0,70,,1213,45,0,5 2 6 7,0,30,,1208,45,0,5 2 6 7,0,70,,1225,45,0,5 2 6 7,0
1100,'3',608,,1251,45,0,5 2 6 7,0,30,,1254,45,0,5 2 6 7,0,70,,1238,45,0,5 2 6 7,0,30,,1246,45,0,5 2 6 7,0,70,,1256,45,0,5 2 6 7,0,30,,1257,45,0,5 2 6 7,0,70,,1242,45,0,5 2 6 7,0,30,,1249,45,0,5 2 6 7,0,70,,1248,45,0,5 2 6 7,0,30,,1252,45,0,5 2 6 7,0,70,,1255,45,0,5 2 6 7,0,30,,1231,45,0,5 2 6 7,0,70,,1244,45,0,5 2 6 7,0,30,,1239,45,0,5 2 6 7,0,70,,1234,45,0,5 2 6 7,0,30,,1232,45,0,5 2 6 7,0,70,,1241,45,0,5 2 6 7,0,30,,1250,45,0,5 2 6 7,0,70,,1258,45,0,5 2 6 7,0,30,,1240,45,0,5 2 6 7,0,70,,1245,45,0,5 2 6 7,0,30,,1235,45,0,5 2 6 7,0,70,,1237,45,0,5 2 6 7,0,30,,1247,45,0,5 2 6 7,0,70,,1253,45,0,5 2 6 7,0,30,,1236,45,0,5 2 6 7,0,70,,1259,45,0,5 2 6 7,0,30,,1233,45,0,5 2 6 7,0,70,,1243,45,0,5 2 6 7,0
1100,'4',608,,1280,45,0,5 2 6 7,0,30,,1283,45,0,5 2 6 7,0,70,,1267,45,0,5 2 6 7,0,30,,1275,45,0,5 2 6 7,0,70,,1285,45,0,5 2 6 7,0,30,,1286,45,0,5 2 6 7,0,70,,1271,45,0,5 2 6 7,0,30,,1278,45,0,5 2 6 7,0,70,,1277,45,0,5 2 6 7,0,30,,1281,45,0,5 2 6 7,0,70,,1284,45,0,5 2 6 7,0,30,,1260,45,0,5 2 6 7,0,70,,1273,45,0,5 2 6 7,0,30,,1268,45,0,5 2 6 7,0,70,,1263,45,0,5 2 6 7,0,30,,1261,45,0,5 2 6 7,0,70,,1270,45,0,5 2 6 7,0,30,,1279,45,0,5 2 6 7,0,70,,1287,45,0,5 2 6 7,0,30,,1269,45,0,5 2 6 7,0,70,,1274,45,0,5 2 6 7,0,30,,1264,45,0,5 2 6 7,0,70,,1266,45,0,5 2 6 7,0,30,,1276,45,0,5 2 6 7,0,70,,1282,45,0,5 2 6 7,0,30,,1265,45,0,5 2 6 7,0,70,,1288,45,0,5 2 6 7,0,30,,1262,45,0,5 2 6 7,0,70,,1272,45,0,5 2 6 7,0
11101,'3',758,,2250,21,,,0
14000,'3',1607,,2289,11,0,25,0
15000,'3',1606,,2300,14,,,0
