101,'1',828,,148,0,41 42 43 44,0,30,,156,0,41 42 43 44,0,70,,144,0,41 42 43 44,0,30,,149,0,41 42 43 44,0,70,,143,0,41 42 43 44,0,30,,153,0,41 42 43 44,0,70,,137,0,41 42 43 44,0,30,,141,0,41 42 43 44,0,70,,158,0,41 42 43 44,0,30,,145,0,41 42 43 44,0,70,,142,0,41 42 43 44,0,30,,150,0,41 42 43 44,0,70,,151,0,41 42 43 44,0,30,,157,0,41 42 43 44,0,70,,154,0,41 42 43 44,0,30,,138,0,41 42 43 44,0,70,,155,0,41 42 43 44,0,30,,139,0,41 42 43 44,0,70,,135,0,41 42 43 44,0,30,,136,0,41 42 43 44,0,70,,140,0,41 42 43 44,0,30,,146,0,41 42 43 44,0,70,,147,0,41 42 43 44,0
101,'2',528,,185,0,41 42 43 44,0,30,,181,0,41 42 43 44,0,70,,175,0,41 42 43 44,0,30,,173,0,41 42 43 44,0,70,,180,0,41 42 43 44,0,30,,168,0,41 42 43 44,0,70,,184,0,41 42 43 44,0,30,,192,0,41 42 43 44,0,70,,191,0,41 42 43 44,0,30,,160,0,41 42 43 44,0,70,,164,0,41 42 43 44,0,30,,163,0,41 42 43 44,0,70,,176,0,41 42 43 44,0,30,,162,0,41 42 43 44,0,70,,182,0,41 42 43 44,0,30,,179,0,41 42 43 44,0,70,,188,0,41 42 43 44,0,30,,159,0,41 42 43 44,0,70,,190,0,41 42 43 44,0,30,,167,0,41 42 43 44,0,70,,172,0,41 42 43 44,0,30,,166,0,41 42 43 44,0,70,,193,0,41 42 43 44,0,30,,189,0,41 42 43 44,0,70,,170,0,41 42 43 44,0,30,,177,0,41 42 43 44,0,70,,196,0,41 42 43 44,0,30,,169,0,41 42 43 44,0,70,,187,0,41 42 43 44,0,30,,194,0,41 42 43 44,0,70,,174,0,41 42 43 44,0,30,,171,0,41 42 43 44,0,70,,165,0,41 42 43 44,0,30,,183,0,41 42 43 44,0,70,,186,0,41 42 43 44,0,30,,195,0,41 42 43 44,0,70,,161,0,41 42 43 44,0
101,'3',528,,221,0,41 42 43 44,0,30,,215,0,41 42 43 44,0,70,,209,0,41 42 43 44,0,30,,211,0,41 42 43 44,0,70,,198,0,41 42 43 44,0,30,,206,0,41 42 43 44,0,70,,218,0,41 42 43 44,0,30,,222,0,41 42 43 44,0,70,,205,0,41 42 43 44,0,30,,213,0,41 42 43 44,0,70,,219,0,41 42 43 44,0,30,,233,0,41 42 43 44,0,70,,199,0,41 42 43 44,0,30,,230,0,41 42 43 44,0,70,,227,0,41 42 43 44,0,30,,216,0,41 42 43 44,0,70,,228,0,41 42 43 44,0,30,,200,0,41 42 43 44,0,70,,197,0,41 42 43 44,0,30,,229,0,41 42 43 44,0,70,,220,0,41 42 43 44,0,30,,204,0,41 42 43 44,0,70,,214,0,41 42 43 44,0,30,,234,0,41 42 43 44,0,70,,208,0,41 42 43 44,0,30,,223,0,41 42 43 44,0,70,,232,0,41 42 43 44,0,30,,212,0,41 42 43 44,0,70,,224,0,41 42 43 44,0,30,,226,0,41 42 43 44,0,70,,201,0,41 42 43 44,0,30,,202,0,41 42 43 44,0,70,,217,0,41 42 43 44,0,30,,210,0,41 42 43 44,0,70,,207,0,41 42 43 44,0,30,,231,0,41 42 43 44,0,70,,203,0,41 42 43 44,0
101,'4',528,,259,0,41 42 43 44,0,30,,253,0,41 42 43 44,0,70,,247,0,41 42 43 44,0,30,,249,0,41 42 43 44,0,70,,236,0,41 42 43 44,0,30,,244,0,41 42 43 44,0,70,,256,0,41 42 43 44,0,30,,260,0,41 42 43 44,0,70,,243,0,41 42 43 44,0,30,,251,0,41 42 43 44,0,70,,257,0,41 42 43 44,0,30,,271,0,41 42 43 44,0,70,,237,0,41 42 43 44,0,30,,268,0,41 42 43 44,0,70,,265,0,41 42 43 44,0,30,,254,0,41 42 43 44,0,70,,266,0,41 42 43 44,0,30,,238,0,41 42 43 44,0,70,,235,0,41 42 43 44,0,30,,267,0,41 42 43 44,0,70,,258,0,41 42 43 44,0,30,,242,0,41 42 43 44,0,70,,252,0,41 42 43 44,0,30,,272,0,41 42 43 44,0,70,,246,0,41 42 43 44,0,30,,261,0,41 42 43 44,0,70,,270,0,41 42 43 44,0,30,,250,0,41 42 43 44,0,70,,262,0,41 42 43 44,0,30,,264,0,41 42 43 44,0,70,,239,0,41 42 43 44,0,30,,240,0,41 42 43 44,0,70,,255,0,41 42 43 44,0,30,,248,0,41 42 43 44,0,70,,245,0,41 42 43 44,0,30,,269,0,41 42 43 44,0,70,,241,0,41 42 43 44,0
200,'1',854,,295,4,,0,70,,275,4,,0,30,,279,4,,0,70,,280,4,,0,30,,291,4,,0,70,,285,4,,0,30,,284,4,,0,70,,293,4,,0,30,,287,4,,0,70,,289,4,,0,30,,286,4,,0,70,,292,4,,0,30,,276,4,,0,70,,296,4,,0,30,,278,4,,0,70,,294,4,,0,30,,273,4,,0,70,,290,4,,0,30,,274,4,,0,70,,283,4,,0,30,,282,4,,0,70,,288,4,,0,30,,281,4,,0,70,,277,4,,0
200,'2',554,,325,4,,0,70,,326,4,,0,30,,330,4,,0,70,,328,4,,0,30,,316,4,,0,70,,304,4,,0,30,,323,4,,0,70,,333,4,,0,30,,300,4,,0,70,,309,4,,0,30,,322,4,,0,70,,329,4,,0,30,,315,4,,0,70,,321,4,,0,30,,303,4,,0,70,,331,4,,0,30,,305,4,,0,70,,299,4,,0,30,,320,4,,0,70,,313,4,,0,30,,310,4,,0,70,,308,4,,0,30,,311,4,,0,70,,327,4,,0,30,,317,4,,0,70,,306,4,,0,30,,318,4,,0,70,,319,4,,0,30,,297,4,,0,70,,312,4,,0,30,,298,4,,0,70,,307,4,,0,30,,314,4,,0,70,,332,4,,0,30,,302,4,,0,70,,301,4,,0,30,,324,4,,0
200,'3',554,,338,4,,0,70,,365,4,,0,30,,340,4,,0,70,,341,4,,0,30,,370,4,,0,70,,359,4,,0,30,,348,4,,0,70,,356,4,,0,30,,335,4,,0,70,,346,4,,0,30,,351,4,,0,70,,352,4,,0,30,,369,4,,0,70,,342,4,,0,30,,368,4,,0,70,,355,4,,0,30,,336,4,,0,70,,349,4,,0,30,,334,4,,0,70,,347,4,,0,30,,354,4,,0,70,,363,4,,0,30,,358,4,,0,70,,343,4,,0,30,,364,4,,0,70,,357,4,,0,30,,350,4,,0,70,,344,4,,0,30,,353,4,,0,70,,367,4,,0,30,,362,4,,0,70,,337,4,,0,30,,361,4,,0,70,,339,4,,0,30,,345,4,,0,70,,360,4,,0,30,,366,4,,0
200,'4',554,,375,4,,0,70,,402,4,,0,30,,377,4,,0,70,,378,4,,0,30,,407,4,,0,70,,396,4,,0,30,,385,4,,0,70,,393,4,,0,30,,372,4,,0,70,,383,4,,0,30,,388,4,,0,70,,389,4,,0,30,,406,4,,0,70,,379,4,,0,30,,405,4,,0,70,,392,4,,0,30,,373,4,,0,70,,386,4,,0,30,,371,4,,0,70,,384,4,,0,30,,391,4,,0,70,,400,4,,0,30,,395,4,,0,70,,380,4,,0,30,,401,4,,0,70,,394,4,,0,30,,387,4,,0,70,,381,4,,0,30,,390,4,,0,70,,404,4,,0,30,,399,4,,0,70,,374,4,,0,30,,398,4,,0,70,,376,4,,0,30,,382,4,,0,70,,397,4,,0,30,,403,4,,0
400,'1',816,,763,4,,0,100,,755,4,,0,100,,756,4,,0,100,,766,4,,0,100,,764,4,,0,100,,762,4,,0,100,,757,4,,0,100,,758,4,,0,100,,761,4,,0,100,,760,4,,0,100,,765,4,,0,100,,754,4,,0,100,,759,4,,0
400,'2',546,,795,4,,0,70,,790,4,,0,30,,784,4,,0,70,,770,4,,0,30,,777,4,,0,70,,797,4,,0,30,,788,4,,0,70,,796,4,,0,30,,798,4,,0,70,,771,4,,0,30,,779,4,,0,70,,776,4,,0,30,,793,4,,0,70,,792,4,,0,30,,789,4,,0,70,,786,4,,0,30,,775,4,,0,70,,781,4,,0,30,,773,4,,0,70,,782,4,,0,30,,778,4,,0,70,,780,4,,0,30,,772,4,,0,70,,767,4,,0,30,,768,4,,0,70,,769,4,,0,30,,785,4,,0,70,,774,4,,0,30,,783,4,,0,70,,800,4,,0,30,,787,4,,0,100,,791,4,,0,100,,799,4,,0,100,,794,4,,0
400,'3',546,,827,4,,0,70,,813,4,,0,30,,805,4,,0,70,,801,4,,0,30,,807,4,,0,70,,809,4,,0,30,,826,4,,0,70,,820,4,,0,30,,812,4,,0,70,,811,4,,0,30,,814,4,,0,70,,822,4,,0,30,,824,4,,0,70,,815,4,,0,30,,817,4,,0,70,,833,4,,0,30,,816,4,,0,70,,832,4,,0,30,,819,4,,0,70,,806,4,,0,30,,803,4,,0,70,,831,4,,0,30,,804,4,,0,70,,808,4,,0,30,,810,4,,0,70,,821,4,,0,30,,825,4,,0,70,,829,4,,0,30,,818,4,,0,70,,823,4,,0,30,,834,4,,0,100,,802,4,,0,100,,830,4,,0,100,,828,4,,0
400,'4',546,,861,4,,0,70,,847,4,,0,30,,839,4,,0,70,,835,4,,0,30,,841,4,,0,70,,843,4,,0,30,,860,4,,0,70,,854,4,,0,30,,846,4,,0,70,,845,4,,0,30,,848,4,,0,70,,856,4,,0,30,,858,4,,0,70,,849,4,,0,30,,851,4,,0,70,,867,4,,0,30,,850,4,,0,70,,866,4,,0,30,,853,4,,0,70,,840,4,,0,30,,837,4,,0,70,,865,4,,0,30,,838,4,,0,70,,842,4,,0,30,,844,4,,0,70,,855,4,,0,30,,859,4,,0,70,,863,4,,0,30,,852,4,,0,70,,857,4,,0,30,,868,4,,0,100,,836,4,,0,100,,864,4,,0,100,,862,4,,0
401,'1',822,,876,0,22 2 23 24,0,100,,874,0,22 2 23 24,0,100,,870,0,22 2 23 24,0,100,,871,0,22 2 23 24,0,100,,879,0,22 2 23 24,0,100,,872,0,22 2 23 24,0,100,,877,0,22 2 23 24,0,100,,869,0,22 2 23 24,0,100,,873,0,22 2 23 24,0,100,,875,0,22 2 23 24,0,100,,880,0,22 2 23 24,0,100,,878,0,22 2 23 24,0
401,'2',522,,905,0,22 2 23 24,0,30,,902,0,22 2 23 24,0,70,,912,0,22 2 23 24,0,30,,897,0,22 2 23 24,0,70,,906,0,22 2 23 24,0,30,,887,0,22 2 23 24,0,70,,898,0,22 2 23 24,0,30,,900,0,22 2 23 24,0,70,,913,0,22 2 23 24,0,30,,882,0,22 2 23 24,0,70,,903,0,22 2 23 24,0,30,,896,0,22 2 23 24,0,70,,888,0,22 2 23 24,0,30,,907,0,22 2 23 24,0,70,,909,0,22 2 23 24,0,30,,892,0,22 2 23 24,0,70,,893,0,22 2 23 24,0,30,,908,0,22 2 23 24,0,70,,910,0,22 2 23 24,0,30,,891,0,22 2 23 24,0,70,,881,0,22 2 23 24,0,30,,901,0,22 2 23 24,0,70,,884,0,22 2 23 24,0,30,,886,0,22 2 23 24,0,70,,885,0,22 2 23 24,0,30,,895,0,22 2 23 24,0,70,,899,0,22 2 23 24,0,30,,889,0,22 2 23 24,0,70,,894,0,22 2 23 24,0,30,,883,0,22 2 23 24,0,100,,890,0,22 2 23 24,0,100,,914,0,22 2 23 24,0,100,,904,0,22 2 23 24,0
401,'3',522,,939,0,22 2 23 24,0,30,,932,0,22 2 23 24,0,70,,938,0,22 2 23 24,0,30,,928,0,22 2 23 24,0,70,,915,0,22 2 23 24,0,30,,933,0,22 2 23 24,0,70,,923,0,22 2 23 24,0,30,,941,0,22 2 23 24,0,70,,946,0,22 2 23 24,0,30,,919,0,22 2 23 24,0,70,,924,0,22 2 23 24,0,30,,925,0,22 2 23 24,0,70,,935,0,22 2 23 24,0,30,,920,0,22 2 23 24,0,70,,943,0,22 2 23 24,0,30,,922,0,22 2 23 24,0,70,,927,0,22 2 23 24,0,30,,936,0,22 2 23 24,0,70,,931,0,22 2 23 24,0,30,,916,0,22 2 23 24,0,70,,942,0,22 2 23 24,0,30,,934,0,22 2 23 24,0,70,,948,0,22 2 23 24,0,30,,921,0,22 2 23 24,0,70,,947,0,22 2 23 24,0,30,,937,0,22 2 23 24,0,70,,930,0,22 2 23 24,0,30,,918,0,22 2 23 24,0,70,,945,0,22 2 23 24,0,30,,917,0,22 2 23 24,0,100,,929,0,22 2 23 24,0,100,,944,0,22 2 23 24,0,100,,940,0,22 2 23 24,0
401,'4',522,,973,0,22 2 23 24,0,30,,966,0,22 2 23 24,0,70,,972,0,22 2 23 24,0,30,,962,0,22 2 23 24,0,70,,949,0,22 2 23 24,0,30,,967,0,22 2 23 24,0,70,,957,0,22 2 23 24,0,30,,975,0,22 2 23 24,0,70,,980,0,22 2 23 24,0,30,,953,0,22 2 23 24,0,70,,958,0,22 2 23 24,0,30,,959,0,22 2 23 24,0,70,,969,0,22 2 23 24,0,30,,954,0,22 2 23 24,0,70,,977,0,22 2 23 24,0,30,,956,0,22 2 23 24,0,70,,961,0,22 2 23 24,0,30,,970,0,22 2 23 24,0,70,,965,0,22 2 23 24,0,30,,950,0,22 2 23 24,0,70,,976,0,22 2 23 24,0,30,,968,0,22 2 23 24,0,70,,982,0,22 2 23 24,0,30,,955,0,22 2 23 24,0,70,,981,0,22 2 23 24,0,30,,971,0,22 2 23 24,0,70,,964,0,22 2 23 24,0,30,,952,0,22 2 23 24,0,70,,979,0,22 2 23 24,0,30,,951,0,22 2 23 24,0,100,,963,0,22 2 23 24,0,100,,978,0,22 2 23 24,0,100,,974,0,22 2 23 24,0
1901,'3',648,,2239,,,0,60,,2237,,,0,30,,2233,,,0,70,,2235,,,0,745,,2236,,,0,70,,2240,,,0,30,,2234,,,0,70,,2238,,,0
1901,'4',648,,2247,,,0,60,,2245,,,0,30,,2241,,,0,70,,2243,,,0,745,,2244,,,0,70,,2248,,,0,30,,2242,,,0,70,,2246,,,0
13800,'3',1550,,2285,4,,0
14101,'3',820,,2293,,,0,1,,2292,,,0
