100,'1',821,,3805,12,0,40 41 42 43,0,30,,2530,12,0,40 41 42 43,0,70,,3813,12,0,40 41 42 43,0,30,,3807,12,0,40 41 42 43,0,70,,3799,12,0,40 41 42 43,0,30,,3802,12,0,40 41 42 43,0,70,,3816,12,0,40 41 42 43,0,30,,3806,12,0,40 41 42 43,0,70,,2906,12,0,40 41 42 43,0,30,,3815,12,0,40 41 42 43,0,70,,3801,12,0,40 41 42 43,0,30,,3804,12,0,40 41 42 43,0,70,,3809,12,0,40 41 42 43,0,30,,3817,12,0,40 41 42 43,0,70,,2448,12,0,40 41 42 43,0,30,,3810,12,0,40 41 42 43,0,70,,3800,12,0,40 41 42 43,0,30,,3803,12,0,40 41 42 43,0,70,,2450,12,0,40 41 42 43,0,30,,3811,12,0,40 41 42 43,0,70,,3808,12,0,40 41 42 43,0,30,,3814,12,0,40 41 42 43,0,70,,3812,12,0,40 41 42 43,0
100,'2',521,,3823,12,0,40 41 42 43,0,30,,2118,12,0,40 41 42 43,0,70,,2636,12,0,40 41 42 43,0,30,,3837,12,0,40 41 42 43,0,70,,191,12,0,40 41 42 43,0,30,,3836,12,0,40 41 42 43,0,70,,3360,12,0,40 41 42 43,0,30,,3819,12,0,40 41 42 43,0,70,,3829,12,0,40 41 42 43,0,30,,3820,12,0,40 41 42 43,0,70,,1830,12,0,40 41 42 43,0,30,,3840,12,0,40 41 42 43,0,70,,909,12,0,40 41 42 43,0,30,,3838,12,0,40 41 42 43,0,70,,3834,12,0,40 41 42 43,0,30,,3818,12,0,40 41 42 43,0,70,,3825,12,0,40 41 42 43,0,30,,3824,12,0,40 41 42 43,0,70,,3822,12,0,40 41 42 43,0,30,,3835,12,0,40 41 42 43,0,70,,3833,12,0,40 41 42 43,0,30,,3839,12,0,40 41 42 43,0,70,,2795,12,0,40 41 42 43,0,30,,3830,12,0,40 41 42 43,0,70,,3828,12,0,40 41 42 43,0,30,,3821,12,0,40 41 42 43,0,70,,3826,12,0,40 41 42 43,0,30,,3646,12,0,40 41 42 43,0,70,,3842,12,0,40 41 42 43,0,30,,1910,12,0,40 41 42 43,0,70,,3827,12,0,40 41 42 43,0,30,,3845,12,0,40 41 42 43,0,70,,3832,12,0,40 41 42 43,0,30,,3831,12,0,40 41 42 43,0,70,,3841,12,0,40 41 42 43,0,30,,3844,12,0,40 41 42 43,0
100,'3',521,,3861,12,0,40 41 42 43,0,30,,2520,12,0,40 41 42 43,0,70,,3856,12,0,40 41 42 43,0,30,,3862,12,0,40 41 42 43,0,70,,3872,12,0,40 41 42 43,0,30,,3866,12,0,40 41 42 43,0,70,,3869,12,0,40 41 42 43,0,30,,3848,12,0,40 41 42 43,0,70,,3854,12,0,40 41 42 43,0,30,,101,12,0,40 41 42 43,0,70,,3846,12,0,40 41 42 43,0,30,,3849,12,0,40 41 42 43,0,70,,2429,12,0,40 41 42 43,0,30,,3867,12,0,40 41 42 43,0,70,,3851,12,0,40 41 42 43,0,30,,3865,12,0,40 41 42 43,0,70,,3852,12,0,40 41 42 43,0,30,,3871,12,0,40 41 42 43,0,70,,3855,12,0,40 41 42 43,0,30,,3860,12,0,40 41 42 43,0,70,,3859,12,0,40 41 42 43,0,30,,1874,12,0,40 41 42 43,0,70,,2963,12,0,40 41 42 43,0,30,,3853,12,0,40 41 42 43,0,70,,3870,12,0,40 41 42 43,0,30,,848,12,0,40 41 42 43,0,70,,3868,12,0,40 41 42 43,0,30,,624,12,0,40 41 42 43,0,70,,3864,12,0,40 41 42 43,0,30,,3857,12,0,40 41 42 43,0,70,,3847,12,0,40 41 42 43,0,30,,3863,12,0,40 41 42 43,0,70,,3850,12,0,40 41 42 43,0,30,,970,12,0,40 41 42 43,0,70,,866,12,0,40 41 42 43,0,30,,3858,12,0,40 41 42 43,0
100,'4',521,,3887,12,0,40 41 42 43,0,30,,2499,12,0,40 41 42 43,0,70,,3882,12,0,40 41 42 43,0,30,,3888,12,0,40 41 42 43,0,70,,3898,12,0,40 41 42 43,0,30,,3892,12,0,40 41 42 43,0,70,,3895,12,0,40 41 42 43,0,30,,3875,12,0,40 41 42 43,0,70,,3881,12,0,40 41 42 43,0,30,,64,12,0,40 41 42 43,0,70,,3873,12,0,40 41 42 43,0,30,,3876,12,0,40 41 42 43,0,70,,2283,12,0,40 41 42 43,0,30,,3893,12,0,40 41 42 43,0,70,,3878,12,0,40 41 42 43,0,30,,3891,12,0,40 41 42 43,0,70,,3879,12,0,40 41 42 43,0,30,,3897,12,0,40 41 42 43,0,70,,3782,12,0,40 41 42 43,0,30,,3886,12,0,40 41 42 43,0,70,,3885,12,0,40 41 42 43,0,30,,1851,12,0,40 41 42 43,0,70,,2272,12,0,40 41 42 43,0,30,,3880,12,0,40 41 42 43,0,70,,3896,12,0,40 41 42 43,0,30,,814,12,0,40 41 42 43,0,70,,3894,12,0,40 41 42 43,0,30,,592,12,0,40 41 42 43,0,70,,3890,12,0,40 41 42 43,0,30,,3883,12,0,40 41 42 43,0,70,,3874,12,0,40 41 42 43,0,30,,3889,12,0,40 41 42 43,0,70,,3877,12,0,40 41 42 43,0,30,,936,12,0,40 41 42 43,0,70,,832,12,0,40 41 42 43,0,30,,3884,12,0,40 41 42 43,0
1800,'3',1721,,1361,5,0,44 45,0
1800,'4',1721,,1332,5,0,44 45,0
1801,'3',521,,5203,6,0,44 45,0,30,,5200,6,0,44 45,0,70,,615,6,0,44 45,0,30,,5197,6,0,44 45,0,70,,3741,6,0,44 45,0,30,,5198,6,0,44 45,0,70,,2440,6,0,44 45,0,30,,1812,6,0,44 45,0,70,,5195,6,0,44 45,0,30,,2886,6,0,44 45,0,70,,5201,6,0,44 45,0,30,,5199,6,0,44 45,0,70,,5207,6,0,44 45,0,30,,5208,6,0,44 45,0,70,,3393,6,0,44 45,0,30,,5205,6,0,44 45,0,70,,3383,6,0,44 45,0,30,,5202,6,0,44 45,0,70,,5206,6,0,44 45,0,30,,1958,6,0,44 45,0,70,,3397,6,0,44 45,0,30,,5204,6,0,44 45,0,70,,5196,6,0,44 45,0,30,,1706,6,0,44 45,0
1801,'4',521,,5217,6,0,44 45,0,30,,5214,6,0,44 45,0,70,,583,6,0,44 45,0,30,,5211,6,0,44 45,0,70,,3724,6,0,44 45,0,30,,5212,6,0,44 45,0,70,,2413,6,0,44 45,0,30,,1787,6,0,44 45,0,70,,5209,6,0,44 45,0,30,,2871,6,0,44 45,0,70,,5215,6,0,44 45,0,30,,5213,6,0,44 45,0,70,,5221,6,0,44 45,0,30,,5222,6,0,44 45,0,70,,3373,6,0,44 45,0,30,,5219,6,0,44 45,0,70,,3364,6,0,44 45,0,30,,5216,6,0,44 45,0,70,,5220,6,0,44 45,0,30,,1935,6,0,44 45,0,70,,2259,6,0,44 45,0,30,,5218,6,0,44 45,0,70,,5210,6,0,44 45,0,30,,1681,6,0,44 45,0
11200,'3',1509,,3090,15,0,44 101 102 48 49 3 25 36,0
13100,'3',1532,,2948,6,,,0
13400,'3',1525,,845,6,,,0,6,,5252,6,,,0
14100,'3',1600,,526,5,,,0
