1501,'1',901,,5018,20,0,38 2 39,0,100,,5022,20,0,38 2 39,0,100,,5024,20,0,38 2 39,0,100,,5025,20,0,38 2 39,0,100,,5021,20,0,38 2 39,0,100,,5020,20,0,38 2 39,0,100,,5026,20,0,38 2 39,0,100,,5019,20,0,38 2 39,0,100,,3521,20,0,38 2 39,0,100,,2779,20,0,38 2 39,0,100,,3637,20,0,38 2 39,0,100,,5023,20,0,38 2 39,0
1501,'2',558,,5032,20,0,38 2 39,0,70,,5038,20,0,38 2 39,0,30,,2556,20,0,38 2 39,0,70,,5029,20,0,38 2 39,0,30,,5034,20,0,38 2 39,0,70,,5030,20,0,38 2 39,0,30,,185,20,0,38 2 39,0,70,,5027,20,0,38 2 39,0,30,,3534,20,0,38 2 39,0,100,,5042,20,0,38 2 39,0,100,,5041,20,0,38 2 39,0,100,,5031,20,0,38 2 39,0,100,,3592,20,0,38 2 39,0,100,,2375,20,0,38 2 39,0,70,,5039,20,0,38 2 39,0,30,,1126,20,0,38 2 39,0,70,,5036,20,0,38 2 39,0,30,,5033,20,0,38 2 39,0,70,,573,20,0,38 2 39,0,30,,5028,20,0,38 2 39,0,70,,5037,20,0,38 2 39,0,30,,5040,20,0,38 2 39,0,100,,5035,20,0,38 2 39,0
1501,'3',558,,5045,20,0,38 2 39,0,70,,2508,20,0,38 2 39,0,30,,5052,20,0,38 2 39,0,70,,5046,20,0,38 2 39,0,30,,3631,20,0,38 2 39,0,70,,2502,20,0,38 2 39,0,30,,5047,20,0,38 2 39,0,70,,5043,20,0,38 2 39,0,30,,3401,20,0,38 2 39,0,100,,641,20,0,38 2 39,0,100,,5050,20,0,38 2 39,0,100,,5054,20,0,38 2 39,0,100,,2505,20,0,38 2 39,0,100,,3687,20,0,38 2 39,0,70,,5048,20,0,38 2 39,0,30,,5051,20,0,38 2 39,0,70,,5053,20,0,38 2 39,0,30,,2695,20,0,38 2 39,0,70,,5055,20,0,38 2 39,0,30,,738,20,0,38 2 39,0,70,,5044,20,0,38 2 39,0,30,,957,20,0,38 2 39,0,100,,5049,20,0,38 2 39,0
1501,'4',558,,5058,20,0,38 2 39,0,70,,2487,20,0,38 2 39,0,30,,5064,20,0,38 2 39,0,70,,2122,20,0,38 2 39,0,30,,3613,20,0,38 2 39,0,70,,2482,20,0,38 2 39,0,30,,5059,20,0,38 2 39,0,70,,5056,20,0,38 2 39,0,30,,3380,20,0,38 2 39,0,100,,609,20,0,38 2 39,0,100,,5062,20,0,38 2 39,0,100,,5066,20,0,38 2 39,0,100,,2484,20,0,38 2 39,0,100,,3670,20,0,38 2 39,0,70,,5060,20,0,38 2 39,0,30,,5063,20,0,38 2 39,0,70,,5065,20,0,38 2 39,0,30,,2671,20,0,38 2 39,0,70,,5067,20,0,38 2 39,0,30,,704,20,0,38 2 39,0,70,,5057,20,0,38 2 39,0,30,,923,20,0,38 2 39,0,100,,5061,20,0,38 2 39,0
1601,'1',908,,5130,7,0,66 67,0,100,,5131,7,0,66 67,0,100,,5137,7,0,66 67,0,100,,2527,7,0,66 67,0,100,,5132,7,0,66 67,0,100,,2616,7,0,66 67,0,100,,5136,7,0,66 67,0,100,,5134,7,0,66 67,0,100,,5135,7,0,66 67,0,100,,5133,7,0,66 67,0,100,,5138,7,0,66 67,0,100,,3336,7,0,66 67,0
1601,'2',537,,5144,7,0,66 67,0,70,,2984,7,0,66 67,0,30,,2924,7,0,66 67,0,70,,5151,7,0,66 67,0,30,,5139,7,0,66 67,0,70,,5143,7,0,66 67,0,30,,5152,7,0,66 67,0,70,,30,7,0,66 67,0,30,,5149,7,0,66 67,0,70,,5146,7,0,66 67,0,30,,5153,7,0,66 67,0,70,,5148,7,0,66 67,0,30,,3272,7,0,66 67,0,70,,1303,7,0,66 67,0,30,,5141,7,0,66 67,0,70,,2725,7,0,66 67,0,30,,5145,7,0,66 67,0,70,,2384,7,0,66 67,0,30,,5147,7,0,66 67,0,70,,2720,7,0,66 67,0,30,,3187,7,0,66 67,0,70,,3256,7,0,66 67,0,30,,3484,7,0,66 67,0,70,,5155,7,0,66 67,0,30,,5150,7,0,66 67,0,70,,5154,7,0,66 67,0,30,,5142,7,0,66 67,0,70,,2983,7,0,66 67,0,30,,3046,7,0,66 67,0,70,,5140,7,0,66 67,0
1601,'3',537,,3088,7,0,66 67,0,70,,5168,7,0,66 67,0,30,,5169,7,0,66 67,0,70,,5157,7,0,66 67,0,30,,3215,7,0,66 67,0,70,,5171,7,0,66 67,0,30,,5163,7,0,66 67,0,70,,5172,7,0,66 67,0,30,,2756,7,0,66 67,0,70,,5161,7,0,66 67,0,30,,961,7,0,66 67,0,70,,5175,7,0,66 67,0,30,,5164,7,0,66 67,0,70,,5158,7,0,66 67,0,30,,1172,7,0,66 67,0,70,,529,7,0,66 67,0,30,,405,7,0,66 67,0,70,,5156,7,0,66 67,0,30,,5167,7,0,66 67,0,70,,5159,7,0,66 67,0,30,,5165,7,0,66 67,0,70,,5173,7,0,66 67,0,30,,1799,7,0,66 67,0,70,,2751,7,0,66 67,0,30,,1806,7,0,66 67,0,70,,5166,7,0,66 67,0,30,,5174,7,0,66 67,0,70,,5170,7,0,66 67,0,30,,5160,7,0,66 67,0,70,,5162,7,0,66 67,0
1601,'4',537,,3070,7,0,66 67,0,70,,5187,7,0,66 67,0,30,,5188,7,0,66 67,0,70,,1137,7,0,66 67,0,30,,3194,7,0,66 67,0,70,,5190,7,0,66 67,0,30,,5182,7,0,66 67,0,70,,5191,7,0,66 67,0,30,,2735,7,0,66 67,0,70,,5180,7,0,66 67,0,30,,927,7,0,66 67,0,70,,5194,7,0,66 67,0,30,,5183,7,0,66 67,0,70,,5177,7,0,66 67,0,30,,1142,7,0,66 67,0,70,,493,7,0,66 67,0,30,,368,7,0,66 67,0,70,,5176,7,0,66 67,0,30,,5186,7,0,66 67,0,70,,5178,7,0,66 67,0,30,,5184,7,0,66 67,0,70,,5192,7,0,66 67,0,30,,1774,7,0,66 67,0,70,,2730,7,0,66 67,0,30,,1781,7,0,66 67,0,70,,5185,7,0,66 67,0,30,,5193,7,0,66 67,0,70,,5189,7,0,66 67,0,30,,5179,7,0,66 67,0,70,,5181,7,0,66 67,0
11301,'3',754,,5235,16,,,0
13301,'3',753,,5251,13,,,0,0,,5250,16,,,0
13901,'3',749,,237,15,,,0
