100,'1',820,,3805,11,0,40 41 42 43,0,30,,2530,11,0,40 41 42 43,0,70,,3813,11,0,40 41 42 43,0,30,,3807,11,0,40 41 42 43,0,70,,3799,11,0,40 41 42 43,0,30,,3802,11,0,40 41 42 43,0,70,,3816,11,0,40 41 42 43,0,30,,3806,11,0,40 41 42 43,0,70,,2906,11,0,40 41 42 43,0,30,,3815,11,0,40 41 42 43,0,70,,3801,11,0,40 41 42 43,0,30,,3804,11,0,40 41 42 43,0,70,,3809,11,0,40 41 42 43,0,30,,3817,11,0,40 41 42 43,0,70,,2448,11,0,40 41 42 43,0,30,,3810,11,0,40 41 42 43,0,70,,3800,11,0,40 41 42 43,0,30,,3803,11,0,40 41 42 43,0,70,,2450,11,0,40 41 42 43,0,30,,3811,11,0,40 41 42 43,0,70,,3808,11,0,40 41 42 43,0,30,,3814,11,0,40 41 42 43,0,70,,3812,11,0,40 41 42 43,0
100,'2',520,,3823,11,0,40 41 42 43,0,30,,2118,11,0,40 41 42 43,0,70,,2636,11,0,40 41 42 43,0,30,,3837,11,0,40 41 42 43,0,70,,191,11,0,40 41 42 43,0,30,,3836,11,0,40 41 42 43,0,70,,3360,11,0,40 41 42 43,0,30,,3819,11,0,40 41 42 43,0,70,,3829,11,0,40 41 42 43,0,30,,3820,11,0,40 41 42 43,0,70,,1830,11,0,40 41 42 43,0,30,,3840,11,0,40 41 42 43,0,70,,909,11,0,40 41 42 43,0,30,,3838,11,0,40 41 42 43,0,70,,3834,11,0,40 41 42 43,0,30,,3818,11,0,40 41 42 43,0,70,,3825,11,0,40 41 42 43,0,30,,3824,11,0,40 41 42 43,0,70,,3822,11,0,40 41 42 43,0,30,,3835,11,0,40 41 42 43,0,70,,3833,11,0,40 41 42 43,0,30,,3839,11,0,40 41 42 43,0,70,,2795,11,0,40 41 42 43,0,30,,3830,11,0,40 41 42 43,0,70,,3828,11,0,40 41 42 43,0,30,,3821,11,0,40 41 42 43,0,70,,3826,11,0,40 41 42 43,0,30,,3646,11,0,40 41 42 43,0,70,,3842,11,0,40 41 42 43,0,30,,1910,11,0,40 41 42 43,0,70,,3827,11,0,40 41 42 43,0,30,,3845,11,0,40 41 42 43,0,70,,3832,11,0,40 41 42 43,0,30,,3831,11,0,40 41 42 43,0,70,,3841,11,0,40 41 42 43,0,30,,3844,11,0,40 41 42 43,0,59,,3843,11,4,,0
100,'3',520,,3861,11,0,40 41 42 43,0,30,,2520,11,0,40 41 42 43,0,70,,3856,11,0,40 41 42 43,0,30,,3862,11,0,40 41 42 43,0,70,,3872,11,0,40 41 42 43,0,30,,3866,11,0,40 41 42 43,0,70,,3869,11,0,40 41 42 43,0,30,,3848,11,0,40 41 42 43,0,70,,3854,11,0,40 41 42 43,0,30,,101,11,0,40 41 42 43,0,70,,3846,11,0,40 41 42 43,0,30,,3849,11,0,40 41 42 43,0,70,,2429,11,0,40 41 42 43,0,30,,3867,11,0,40 41 42 43,0,70,,3851,11,0,40 41 42 43,0,30,,3865,11,0,40 41 42 43,0,70,,3852,11,0,40 41 42 43,0,30,,3871,11,0,40 41 42 43,0,70,,3855,11,0,40 41 42 43,0,30,,3860,11,0,40 41 42 43,0,70,,3859,11,0,40 41 42 43,0,30,,1874,11,0,40 41 42 43,0,70,,2963,11,0,40 41 42 43,0,30,,3853,11,0,40 41 42 43,0,70,,3870,11,0,40 41 42 43,0,30,,848,11,0,40 41 42 43,0,70,,3868,11,0,40 41 42 43,0,30,,624,11,0,40 41 42 43,0,70,,3864,11,0,40 41 42 43,0,30,,3857,11,0,40 41 42 43,0,70,,3847,11,0,40 41 42 43,0,30,,3863,11,0,40 41 42 43,0,70,,3850,11,0,40 41 42 43,0,30,,970,11,0,40 41 42 43,0,70,,866,11,0,40 41 42 43,0,30,,3858,11,0,40 41 42 43,0,59,,3446,11,4,,0
100,'4',520,,3887,11,0,40 41 42 43,0,30,,2499,11,0,40 41 42 43,0,70,,3882,11,0,40 41 42 43,0,30,,3888,11,0,40 41 42 43,0,70,,3898,11,0,40 41 42 43,0,30,,3892,11,0,40 41 42 43,0,70,,3895,11,0,40 41 42 43,0,30,,3875,11,0,40 41 42 43,0,70,,3881,11,0,40 41 42 43,0,30,,64,11,0,40 41 42 43,0,70,,3873,11,0,40 41 42 43,0,30,,3876,11,0,40 41 42 43,0,70,,2283,11,0,40 41 42 43,0,30,,3893,11,0,40 41 42 43,0,70,,3878,11,0,40 41 42 43,0,30,,3891,11,0,40 41 42 43,0,70,,3879,11,0,40 41 42 43,0,30,,3897,11,0,40 41 42 43,0,70,,3782,11,0,40 41 42 43,0,30,,3886,11,0,40 41 42 43,0,70,,3885,11,0,40 41 42 43,0,30,,1851,11,0,40 41 42 43,0,70,,2272,11,0,40 41 42 43,0,30,,3880,11,0,40 41 42 43,0,70,,3896,11,0,40 41 42 43,0,30,,814,11,0,40 41 42 43,0,70,,3894,11,0,40 41 42 43,0,30,,592,11,0,40 41 42 43,0,70,,3890,11,0,40 41 42 43,0,30,,3883,11,0,40 41 42 43,0,70,,3874,11,0,40 41 42 43,0,30,,3889,11,0,40 41 42 43,0,70,,3877,11,0,40 41 42 43,0,30,,936,11,0,40 41 42 43,0,70,,832,11,0,40 41 42 43,0,30,,3884,11,0,40 41 42 43,0,59,,3429,11,4,,0
1800,'3',1720,,1361,4,0,44 45,0
1800,'4',1720,,1332,4,0,44 45,0
1801,'3',520,,5203,5,0,44 45,0,30,,5200,5,0,44 45,0,70,,615,5,0,44 45,0,30,,5197,5,0,44 45,0,70,,3741,5,0,44 45,0,30,,5198,5,0,44 45,0,70,,2440,5,0,44 45,0,30,,1812,5,0,44 45,0,70,,5195,5,0,44 45,0,30,,2886,5,0,44 45,0,70,,5201,5,0,44 45,0,30,,5199,5,0,44 45,0,70,,5207,5,0,44 45,0,30,,5208,5,0,44 45,0,70,,3393,5,0,44 45,0,30,,5205,5,0,44 45,0,70,,3383,5,0,44 45,0,30,,5202,5,0,44 45,0,70,,5206,5,0,44 45,0,30,,1958,5,0,44 45,0,70,,3397,5,0,44 45,0,30,,5204,5,0,44 45,0,70,,5196,5,0,44 45,0,30,,1706,5,0,44 45,0
1801,'4',520,,5217,5,0,44 45,0,30,,5214,5,0,44 45,0,70,,583,5,0,44 45,0,30,,5211,5,0,44 45,0,70,,3724,5,0,44 45,0,30,,5212,5,0,44 45,0,70,,2413,5,0,44 45,0,30,,1787,5,0,44 45,0,70,,5209,5,0,44 45,0,30,,2871,5,0,44 45,0,70,,5215,5,0,44 45,0,30,,5213,5,0,44 45,0,70,,5221,5,0,44 45,0,30,,5222,5,0,44 45,0,70,,3373,5,0,44 45,0,30,,5219,5,0,44 45,0,70,,3364,5,0,44 45,0,30,,5216,5,0,44 45,0,70,,5220,5,0,44 45,0,30,,1935,5,0,44 45,0,70,,2259,5,0,44 45,0,30,,5218,5,0,44 45,0,70,,5210,5,0,44 45,0,30,,1681,5,0,44 45,0
13100,'3',1530,,2948,5,,,0
13400,'3',1524,,845,5,,,0,6,,5252,5,,,0
13800,'3',1530,,5258,5,,,0
16001,'3',851,,5278,6,,,0
