1500,'1',822,,1825,6,0,39 2 40,0,100,,1814,6,0,39 2 40,0,100,,1823,6,0,39 2 40,0,100,,1819,6,0,39 2 40,0,100,,1817,6,0,39 2 40,0,100,,1816,6,0,39 2 40,0,100,,1818,6,0,39 2 40,0,100,,1822,6,0,39 2 40,0,100,,1820,6,0,39 2 40,0,100,,1821,6,0,39 2 40,0,100,,1815,6,0,39 2 40,0,100,,1824,6,0,39 2 40,0
1500,'2',522,,1846,6,0,39 2 40,0,30,,1829,6,0,39 2 40,0,70,,1832,6,0,39 2 40,0,30,,1839,6,0,39 2 40,0,70,,1841,6,0,39 2 40,0,30,,1840,6,0,39 2 40,0,70,,1828,6,0,39 2 40,0,30,,1830,6,0,39 2 40,0,70,,1827,6,0,39 2 40,0,100,,1844,6,0,39 2 40,0,100,,1835,6,0,39 2 40,0,100,,1837,6,0,39 2 40,0,100,,1833,6,0,39 2 40,0,100,,1838,6,0,39 2 40,0,30,,1843,6,0,39 2 40,0,70,,1842,6,0,39 2 40,0,30,,1831,6,0,39 2 40,0,70,,1836,6,0,39 2 40,0,30,,1834,6,0,39 2 40,0,70,,1847,6,0,39 2 40,0,30,,1845,6,0,39 2 40,0,70,,1848,6,0,39 2 40,0,100,,1826,6,0,39 2 40,0
1500,'3',522,,1864,6,0,39 2 40,0,30,,1851,6,0,39 2 40,0,70,,1852,6,0,39 2 40,0,30,,1857,6,0,39 2 40,0,70,,1850,6,0,39 2 40,0,30,,1859,6,0,39 2 40,0,70,,1853,6,0,39 2 40,0,30,,1855,6,0,39 2 40,0,70,,1865,6,0,39 2 40,0,100,,1862,6,0,39 2 40,0,100,,1867,6,0,39 2 40,0,100,,1868,6,0,39 2 40,0,100,,1858,6,0,39 2 40,0,100,,1863,6,0,39 2 40,0,30,,1856,6,0,39 2 40,0,70,,1866,6,0,39 2 40,0,30,,1849,6,0,39 2 40,0,70,,1870,6,0,39 2 40,0,30,,1869,6,0,39 2 40,0,70,,1854,6,0,39 2 40,0,30,,1871,6,0,39 2 40,0,70,,1861,6,0,39 2 40,0,100,,1860,6,0,39 2 40,0
1500,'4',522,,1887,6,0,39 2 40,0,30,,1874,6,0,39 2 40,0,70,,1875,6,0,39 2 40,0,30,,1880,6,0,39 2 40,0,70,,1873,6,0,39 2 40,0,30,,1882,6,0,39 2 40,0,70,,1876,6,0,39 2 40,0,30,,1878,6,0,39 2 40,0,70,,1888,6,0,39 2 40,0,100,,1885,6,0,39 2 40,0,100,,1890,6,0,39 2 40,0,100,,1891,6,0,39 2 40,0,100,,1881,6,0,39 2 40,0,100,,1886,6,0,39 2 40,0,30,,1879,6,0,39 2 40,0,70,,1889,6,0,39 2 40,0,30,,1872,6,0,39 2 40,0,70,,1893,6,0,39 2 40,0,30,,1892,6,0,39 2 40,0,70,,1877,6,0,39 2 40,0,30,,1894,6,0,39 2 40,0,70,,1884,6,0,39 2 40,0,100,,1883,6,0,39 2 40,0
1501,'1',903,,1898,23,0,39 2 40,0,100,,1903,23,0,39 2 40,0,100,,1896,23,0,39 2 40,0,100,,1897,23,0,39 2 40,0,100,,1901,23,0,39 2 40,0,100,,1906,23,0,39 2 40,0,100,,1905,23,0,39 2 40,0,100,,1900,23,0,39 2 40,0,100,,1895,23,0,39 2 40,0,100,,1899,23,0,39 2 40,0,100,,1904,23,0,39 2 40,0,100,,1902,23,0,39 2 40,0
1501,'2',601,,1913,23,0,39 2 40,0,30,,1926,23,0,39 2 40,0,70,,1924,23,0,39 2 40,0,30,,1916,23,0,39 2 40,0,70,,1918,23,0,39 2 40,0,30,,1923,23,0,39 2 40,0,70,,1921,23,0,39 2 40,0,30,,1908,23,0,39 2 40,0,70,,1929,23,0,39 2 40,0,100,,1925,23,0,39 2 40,0,100,,1914,23,0,39 2 40,0,100,,1919,23,0,39 2 40,0,100,,1909,23,0,39 2 40,0,100,,1928,23,0,39 2 40,0,30,,1917,23,0,39 2 40,0,70,,1911,23,0,39 2 40,0,30,,1920,23,0,39 2 40,0,70,,1907,23,0,39 2 40,0,30,,1915,23,0,39 2 40,0,70,,1912,23,0,39 2 40,0,30,,1927,23,0,39 2 40,0,70,,1910,23,0,39 2 40,0,100,,1922,23,0,39 2 40,0
1501,'3',601,,1947,23,0,39 2 40,0,30,,1933,23,0,39 2 40,0,70,,1951,23,0,39 2 40,0,30,,1943,23,0,39 2 40,0,70,,1934,23,0,39 2 40,0,30,,1941,23,0,39 2 40,0,70,,1938,23,0,39 2 40,0,30,,1940,23,0,39 2 40,0,70,,1932,23,0,39 2 40,0,100,,1950,23,0,39 2 40,0,100,,1936,23,0,39 2 40,0,100,,1931,23,0,39 2 40,0,100,,1948,23,0,39 2 40,0,100,,1939,23,0,39 2 40,0,30,,1945,23,0,39 2 40,0,70,,1935,23,0,39 2 40,0,30,,1952,23,0,39 2 40,0,70,,1942,23,0,39 2 40,0,30,,1949,23,0,39 2 40,0,70,,1937,23,0,39 2 40,0,30,,1946,23,0,39 2 40,0,70,,1944,23,0,39 2 40,0,100,,1930,23,0,39 2 40,0
1501,'4',601,,1970,23,0,39 2 40,0,30,,1956,23,0,39 2 40,0,70,,1974,23,0,39 2 40,0,30,,1966,23,0,39 2 40,0,70,,1957,23,0,39 2 40,0,30,,1964,23,0,39 2 40,0,70,,1961,23,0,39 2 40,0,30,,1963,23,0,39 2 40,0,70,,1955,23,0,39 2 40,0,100,,1973,23,0,39 2 40,0,100,,1959,23,0,39 2 40,0,100,,1954,23,0,39 2 40,0,100,,1971,23,0,39 2 40,0,100,,1962,23,0,39 2 40,0,30,,1968,23,0,39 2 40,0,70,,1958,23,0,39 2 40,0,30,,1975,23,0,39 2 40,0,70,,1965,23,0,39 2 40,0,30,,1972,23,0,39 2 40,0,70,,1960,23,0,39 2 40,0,30,,1969,23,0,39 2 40,0,70,,1967,23,0,39 2 40,0,100,,1953,23,0,39 2 40,0
11300,'3',1501,,2253,4,,,0
11301,'3',757,,2254,19,,,0
13900,'3',1536,,2287,6,,,0
13901,'3',751,,2288,18,,,0
