400,'1',837,,4317,16,0,21 2 22 23,0,100,,4306,16,0,21 2 22 23,0,100,,4316,16,0,21 2 22 23,0,100,,2541,16,0,21 2 22 23,0,100,,4307,16,0,21 2 22 23,0,100,,4314,16,0,21 2 22 23,0,100,,4312,16,0,21 2 22 23,0,100,,4309,16,0,21 2 22 23,0,100,,4308,16,0,21 2 22 23,0,100,,4311,16,0,21 2 22 23,0,100,,4315,16,0,21 2 22 23,0,100,,4310,16,0,21 2 22 23,0
400,'2',537,,3713,16,0,21 2 22 23,0,70,,4335,16,0,21 2 22 23,0,30,,4319,16,0,21 2 22 23,0,70,,4337,16,0,21 2 22 23,0,30,,4318,16,0,21 2 22 23,0,70,,4331,16,0,21 2 22 23,0,30,,4328,16,0,21 2 22 23,0,70,,4338,16,0,21 2 22 23,0,30,,792,16,0,21 2 22 23,0,70,,4330,16,0,21 2 22 23,0,30,,2856,16,0,21 2 22 23,0,70,,4325,16,0,21 2 22 23,0,30,,4323,16,0,21 2 22 23,0,70,,669,16,0,21 2 22 23,0,30,,1321,16,0,21 2 22 23,0,70,,2560,16,0,21 2 22 23,0,30,,4333,16,0,21 2 22 23,0,70,,4320,16,0,21 2 22 23,0,30,,2915,16,0,21 2 22 23,0,70,,4322,16,0,21 2 22 23,0,30,,1848,16,0,21 2 22 23,0,70,,4326,16,0,21 2 22 23,0,30,,4329,16,0,21 2 22 23,0,70,,4334,16,0,21 2 22 23,0,30,,4336,16,0,21 2 22 23,0,70,,4327,16,0,21 2 22 23,0,30,,3593,16,0,21 2 22 23,0,70,,4321,16,0,21 2 22 23,0,30,,3178,16,0,21 2 22 23,0,70,,1758,16,0,21 2 22 23,0,100,,4332,16,0,21 2 22 23,0,100,,4324,16,0,21 2 22 23,0,100,,656,16,0,21 2 22 23,0
400,'3',537,,4351,16,0,21 2 22 23,0,70,,3514,16,0,21 2 22 23,0,30,,4346,16,0,21 2 22 23,0,70,,4356,16,0,21 2 22 23,0,30,,254,16,0,21 2 22 23,0,70,,2426,16,0,21 2 22 23,0,30,,4348,16,0,21 2 22 23,0,70,,4341,16,0,21 2 22 23,0,30,,3744,16,0,21 2 22 23,0,70,,4350,16,0,21 2 22 23,0,30,,4340,16,0,21 2 22 23,0,70,,4352,16,0,21 2 22 23,0,30,,2512,16,0,21 2 22 23,0,70,,4344,16,0,21 2 22 23,0,30,,1080,16,0,21 2 22 23,0,70,,4347,16,0,21 2 22 23,0,30,,2421,16,0,21 2 22 23,0,70,,4355,16,0,21 2 22 23,0,30,,3084,16,0,21 2 22 23,0,70,,253,16,0,21 2 22 23,0,30,,4353,16,0,21 2 22 23,0,70,,4357,16,0,21 2 22 23,0,30,,4345,16,0,21 2 22 23,0,70,,2331,16,0,21 2 22 23,0,30,,2217,16,0,21 2 22 23,0,70,,4339,16,0,21 2 22 23,0,30,,4354,16,0,21 2 22 23,0,70,,2827,16,0,21 2 22 23,0,30,,3025,16,0,21 2 22 23,0,70,,2348,16,0,21 2 22 23,0,100,,4349,16,0,21 2 22 23,0,100,,3452,16,0,21 2 22 23,0,100,,4342,16,0,21 2 22 23,0
400,'4',537,,4370,16,0,21 2 22 23,0,70,,3499,16,0,21 2 22 23,0,30,,4365,16,0,21 2 22 23,0,70,,4375,16,0,21 2 22 23,0,30,,216,16,0,21 2 22 23,0,70,,2400,16,0,21 2 22 23,0,30,,4367,16,0,21 2 22 23,0,70,,4360,16,0,21 2 22 23,0,30,,3727,16,0,21 2 22 23,0,70,,4369,16,0,21 2 22 23,0,30,,4359,16,0,21 2 22 23,0,70,,4371,16,0,21 2 22 23,0,30,,2491,16,0,21 2 22 23,0,70,,4363,16,0,21 2 22 23,0,30,,1049,16,0,21 2 22 23,0,70,,4366,16,0,21 2 22 23,0,30,,2395,16,0,21 2 22 23,0,70,,4374,16,0,21 2 22 23,0,30,,3066,16,0,21 2 22 23,0,70,,215,16,0,21 2 22 23,0,30,,4372,16,0,21 2 22 23,0,70,,4376,16,0,21 2 22 23,0,30,,4364,16,0,21 2 22 23,0,70,,2314,16,0,21 2 22 23,0,30,,2192,16,0,21 2 22 23,0,70,,4358,16,0,21 2 22 23,0,30,,4373,16,0,21 2 22 23,0,70,,2808,16,0,21 2 22 23,0,30,,3006,16,0,21 2 22 23,0,70,,2289,16,0,21 2 22 23,0,100,,4368,16,0,21 2 22 23,0,100,,3434,16,0,21 2 22 23,0,100,,4361,16,0,21 2 22 23,0
12201,'3',835,,5240,12,,,0
15000,'3',1552,,3101,4,,,0
15100,'3',1550,,5272,4,0,20,0
15200,'3',1552,,5273,4,0,54 93 105 100 10 11,0
15300,'3',1552,,5276,4,0,92 106 57 3 58,0
15400,'3',1551,,1629,4,,,0
