100,'1',804,,14,0,41 42 43 44,0,30,,15,0,41 42 43 44,0,70,,8,0,41 42 43 44,0,30,,4,0,41 42 43 44,0,70,,2,0,41 42 43 44,0,30,,22,0,41 42 43 44,0,70,,5,0,41 42 43 44,0,30,,21,0,41 42 43 44,0,70,,6,0,41 42 43 44,0,30,,10,0,41 42 43 44,0,70,,23,0,41 42 43 44,0,30,,19,0,41 42 43 44,0,70,,3,0,41 42 43 44,0,30,,20,0,41 42 43 44,0,70,,1,0,41 42 43 44,0,30,,7,0,41 42 43 44,0,70,,12,0,41 42 43 44,0,30,,17,0,41 42 43 44,0,70,,13,0,41 42 43 44,0,30,,9,0,41 42 43 44,0,70,,16,0,41 42 43 44,0,30,,18,0,41 42 43 44,0,70,,11,0,41 42 43 44,0
100,'2',504,,26,0,41 42 43 44,0,30,,38,0,41 42 43 44,0,70,,41,0,41 42 43 44,0,30,,28,0,41 42 43 44,0,70,,39,0,41 42 43 44,0,30,,45,0,41 42 43 44,0,70,,35,0,41 42 43 44,0,30,,32,0,41 42 43 44,0,70,,37,0,41 42 43 44,0,30,,49,0,41 42 43 44,0,70,,52,0,41 42 43 44,0,30,,57,0,41 42 43 44,0,70,,29,0,41 42 43 44,0,30,,53,0,41 42 43 44,0,70,,44,0,41 42 43 44,0,30,,59,0,41 42 43 44,0,70,,56,0,41 42 43 44,0,30,,58,0,41 42 43 44,0,70,,27,0,41 42 43 44,0,30,,60,0,41 42 43 44,0,70,,30,0,41 42 43 44,0,30,,46,0,41 42 43 44,0,70,,54,0,41 42 43 44,0,30,,36,0,41 42 43 44,0,70,,25,0,41 42 43 44,0,30,,24,0,41 42 43 44,0,70,,34,0,41 42 43 44,0,30,,42,0,41 42 43 44,0,70,,43,0,41 42 43 44,0,30,,33,0,41 42 43 44,0,70,,51,0,41 42 43 44,0,30,,48,0,41 42 43 44,0,70,,40,0,41 42 43 44,0,30,,31,0,41 42 43 44,0,70,,50,0,41 42 43 44,0,30,,47,0,41 42 43 44,0,70,,55,0,41 42 43 44,0
100,'3',504,,94,0,41 42 43 44,0,30,,73,0,41 42 43 44,0,70,,89,0,41 42 43 44,0,30,,96,0,41 42 43 44,0,70,,61,0,41 42 43 44,0,30,,97,0,41 42 43 44,0,70,,70,0,41 42 43 44,0,30,,92,0,41 42 43 44,0,70,,93,0,41 42 43 44,0,30,,81,0,41 42 43 44,0,70,,83,0,41 42 43 44,0,30,,63,0,41 42 43 44,0,70,,76,0,41 42 43 44,0,30,,65,0,41 42 43 44,0,70,,80,0,41 42 43 44,0,30,,84,0,41 42 43 44,0,70,,86,0,41 42 43 44,0,30,,66,0,41 42 43 44,0,70,,95,0,41 42 43 44,0,30,,64,0,41 42 43 44,0,70,,75,0,41 42 43 44,0,30,,79,0,41 42 43 44,0,70,,72,0,41 42 43 44,0,30,,82,0,41 42 43 44,0,70,,87,0,41 42 43 44,0,30,,90,0,41 42 43 44,0,70,,67,0,41 42 43 44,0,30,,71,0,41 42 43 44,0,70,,74,0,41 42 43 44,0,30,,78,0,41 42 43 44,0,70,,62,0,41 42 43 44,0,30,,69,0,41 42 43 44,0,70,,77,0,41 42 43 44,0,30,,85,0,41 42 43 44,0,70,,91,0,41 42 43 44,0,30,,88,0,41 42 43 44,0,70,,68,0,41 42 43 44,0
100,'4',504,,131,0,41 42 43 44,0,30,,110,0,41 42 43 44,0,70,,126,0,41 42 43 44,0,30,,133,0,41 42 43 44,0,70,,98,0,41 42 43 44,0,30,,134,0,41 42 43 44,0,70,,107,0,41 42 43 44,0,30,,129,0,41 42 43 44,0,70,,130,0,41 42 43 44,0,30,,118,0,41 42 43 44,0,70,,120,0,41 42 43 44,0,30,,100,0,41 42 43 44,0,70,,113,0,41 42 43 44,0,30,,102,0,41 42 43 44,0,70,,117,0,41 42 43 44,0,30,,121,0,41 42 43 44,0,70,,123,0,41 42 43 44,0,30,,103,0,41 42 43 44,0,70,,132,0,41 42 43 44,0,30,,101,0,41 42 43 44,0,70,,112,0,41 42 43 44,0,30,,116,0,41 42 43 44,0,70,,109,0,41 42 43 44,0,30,,119,0,41 42 43 44,0,70,,124,0,41 42 43 44,0,30,,127,0,41 42 43 44,0,70,,104,0,41 42 43 44,0,30,,108,0,41 42 43 44,0,70,,111,0,41 42 43 44,0,30,,115,0,41 42 43 44,0,70,,99,0,41 42 43 44,0,30,,106,0,41 42 43 44,0,70,,114,0,41 42 43 44,0,30,,122,0,41 42 43 44,0,70,,128,0,41 42 43 44,0,30,,125,0,41 42 43 44,0,70,,105,0,41 42 43 44,0
101,'1',831,,152,4,,0,70,,148,4,,0,30,,156,4,,0,70,,144,4,,0,30,,149,4,,0,70,,143,4,,0,30,,153,4,,0,70,,137,4,,0,30,,141,4,,0,70,,158,4,,0,30,,145,4,,0,70,,142,4,,0,30,,150,4,,0,70,,151,4,,0,30,,157,4,,0,70,,154,4,,0,30,,138,4,,0,70,,155,4,,0,30,,139,4,,0,70,,135,4,,0,30,,136,4,,0,70,,140,4,,0,30,,146,4,,0,70,,147,4,,0
101,'2',531,,178,4,,0,70,,185,4,,0,30,,181,4,,0,70,,175,4,,0,30,,173,4,,0,70,,180,4,,0,30,,168,4,,0,70,,184,4,,0,30,,192,4,,0,70,,191,4,,0,30,,160,4,,0,70,,164,4,,0,30,,163,4,,0,70,,176,4,,0,30,,162,4,,0,70,,182,4,,0,30,,179,4,,0,70,,188,4,,0,30,,159,4,,0,70,,190,4,,0,30,,167,4,,0,70,,172,4,,0,30,,166,4,,0,70,,193,4,,0,30,,189,4,,0,70,,170,4,,0,30,,177,4,,0,70,,196,4,,0,30,,169,4,,0,70,,187,4,,0,30,,194,4,,0,70,,174,4,,0,30,,171,4,,0,70,,165,4,,0,30,,183,4,,0,70,,186,4,,0,30,,195,4,,0
101,'3',531,,225,4,,0,70,,221,4,,0,30,,215,4,,0,70,,209,4,,0,30,,211,4,,0,70,,198,4,,0,30,,206,4,,0,70,,218,4,,0,30,,222,4,,0,70,,205,4,,0,30,,213,4,,0,70,,219,4,,0,30,,233,4,,0,70,,199,4,,0,30,,230,4,,0,70,,227,4,,0,30,,216,4,,0,70,,228,4,,0,30,,200,4,,0,70,,197,4,,0,30,,229,4,,0,70,,220,4,,0,30,,204,4,,0,70,,214,4,,0,30,,234,4,,0,70,,208,4,,0,30,,223,4,,0,70,,232,4,,0,30,,212,4,,0,70,,224,4,,0,30,,226,4,,0,70,,201,4,,0,30,,202,4,,0,70,,217,4,,0,30,,210,4,,0,70,,207,4,,0,30,,231,4,,0
101,'4',531,,263,4,,0,70,,259,4,,0,30,,253,4,,0,70,,247,4,,0,30,,249,4,,0,70,,236,4,,0,30,,244,4,,0,70,,256,4,,0,30,,260,4,,0,70,,243,4,,0,30,,251,4,,0,70,,257,4,,0,30,,271,4,,0,70,,237,4,,0,30,,268,4,,0,70,,265,4,,0,30,,254,4,,0,70,,266,4,,0,30,,238,4,,0,70,,235,4,,0,30,,267,4,,0,70,,258,4,,0,30,,242,4,,0,70,,252,4,,0,30,,272,4,,0,70,,246,4,,0,30,,261,4,,0,70,,270,4,,0,30,,250,4,,0,70,,262,4,,0,30,,264,4,,0,70,,239,4,,0,30,,240,4,,0,70,,255,4,,0,30,,248,4,,0,70,,245,4,,0,30,,269,4,,0
200,'1',819,,295,0,18,0,30,,275,0,18,0,70,,279,0,18,0,30,,280,0,18,0,70,,291,0,18,0,30,,285,0,18,0,70,,284,0,18,0,30,,293,0,18,0,70,,287,0,18,0,30,,289,0,18,0,70,,286,0,18,0,30,,292,0,18,0,70,,276,0,18,0,30,,296,0,18,0,70,,278,0,18,0,30,,294,0,18,0,70,,273,0,18,0,30,,290,0,18,0,70,,274,0,18,0,30,,283,0,18,0,70,,282,0,18,0,30,,288,0,18,0,70,,281,0,18,0,30,,277,0,18,0
200,'2',519,,325,0,18,0,30,,326,0,18,0,70,,330,0,18,0,30,,328,0,18,0,70,,316,0,18,0,30,,304,0,18,0,70,,323,0,18,0,30,,333,0,18,0,70,,300,0,18,0,30,,309,0,18,0,70,,322,0,18,0,30,,329,0,18,0,70,,315,0,18,0,30,,321,0,18,0,70,,303,0,18,0,30,,331,0,18,0,70,,305,0,18,0,30,,299,0,18,0,70,,320,0,18,0,30,,313,0,18,0,70,,310,0,18,0,30,,308,0,18,0,70,,311,0,18,0,30,,327,0,18,0,70,,317,0,18,0,30,,306,0,18,0,70,,318,0,18,0,30,,319,0,18,0,70,,297,0,18,0,30,,312,0,18,0,70,,298,0,18,0,30,,307,0,18,0,70,,314,0,18,0,30,,332,0,18,0,70,,302,0,18,0,30,,301,0,18,0,70,,324,0,18,0
200,'3',519,,338,0,18,0,30,,365,0,18,0,70,,340,0,18,0,30,,341,0,18,0,70,,370,0,18,0,30,,359,0,18,0,70,,348,0,18,0,30,,356,0,18,0,70,,335,0,18,0,30,,346,0,18,0,70,,351,0,18,0,30,,352,0,18,0,70,,369,0,18,0,30,,342,0,18,0,70,,368,0,18,0,30,,355,0,18,0,70,,336,0,18,0,30,,349,0,18,0,70,,334,0,18,0,30,,347,0,18,0,70,,354,0,18,0,30,,363,0,18,0,70,,358,0,18,0,30,,343,0,18,0,70,,364,0,18,0,30,,357,0,18,0,70,,350,0,18,0,30,,344,0,18,0,70,,353,0,18,0,30,,367,0,18,0,70,,362,0,18,0,30,,337,0,18,0,70,,361,0,18,0,30,,339,0,18,0,70,,345,0,18,0,30,,360,0,18,0,70,,366,0,18,0
200,'4',519,,375,0,18,0,30,,402,0,18,0,70,,377,0,18,0,30,,378,0,18,0,70,,407,0,18,0,30,,396,0,18,0,70,,385,0,18,0,30,,393,0,18,0,70,,372,0,18,0,30,,383,0,18,0,70,,388,0,18,0,30,,389,0,18,0,70,,406,0,18,0,30,,379,0,18,0,70,,405,0,18,0,30,,392,0,18,0,70,,373,0,18,0,30,,386,0,18,0,70,,371,0,18,0,30,,384,0,18,0,70,,391,0,18,0,30,,400,0,18,0,70,,395,0,18,0,30,,380,0,18,0,70,,401,0,18,0,30,,394,0,18,0,70,,387,0,18,0,30,,381,0,18,0,70,,390,0,18,0,30,,404,0,18,0,70,,399,0,18,0,30,,374,0,18,0,70,,398,0,18,0,30,,376,0,18,0,70,,382,0,18,0,30,,397,0,18,0,70,,403,0,18,0
300,'1',845,,547,0,67 2 66,0,100,,549,0,67 2 66,0,100,,546,0,67 2 66,0,100,,543,0,67 2 66,0,100,,542,0,67 2 66,0,100,,550,0,67 2 66,0,100,,541,0,67 2 66,0,100,,545,0,67 2 66,0,100,,544,0,67 2 66,0,100,,548,0,67 2 66,0,100,,540,0,67 2 66,0,100,,551,0,67 2 66,0
300,'2',545,,555,0,67 2 66,0,70,,561,0,67 2 66,0,30,,559,0,67 2 66,0,70,,565,0,67 2 66,0,30,,563,0,67 2 66,0,70,,557,0,67 2 66,0,30,,576,0,67 2 66,0,70,,554,0,67 2 66,0,30,,552,0,67 2 66,0,70,,564,0,67 2 66,0,30,,578,0,67 2 66,0,70,,568,0,67 2 66,0,30,,560,0,67 2 66,0,70,,567,0,67 2 66,0,100,,570,0,67 2 66,0,100,,558,0,67 2 66,0,100,,556,0,67 2 66,0,100,,571,0,67 2 66,0,30,,577,0,67 2 66,0,70,,553,0,67 2 66,0,30,,579,0,67 2 66,0,70,,572,0,67 2 66,0,30,,569,0,67 2 66,0,70,,566,0,67 2 66,0,30,,573,0,67 2 66,0,100,,562,0,67 2 66,0,100,,575,0,67 2 66,0,100,,574,0,67 2 66,0
300,'3',545,,593,0,67 2 66,0,70,,586,0,67 2 66,0,30,,588,0,67 2 66,0,70,,583,0,67 2 66,0,30,,595,0,67 2 66,0,70,,590,0,67 2 66,0,30,,609,0,67 2 66,0,70,,611,0,67 2 66,0,30,,582,0,67 2 66,0,70,,607,0,67 2 66,0,30,,584,0,67 2 66,0,70,,585,0,67 2 66,0,30,,596,0,67 2 66,0,70,,605,0,67 2 66,0,30,,610,0,67 2 66,0,70,,606,0,67 2 66,0,30,,598,0,67 2 66,0,70,,602,0,67 2 66,0,30,,604,0,67 2 66,0,70,,592,0,67 2 66,0,30,,608,0,67 2 66,0,70,,581,0,67 2 66,0,30,,603,0,67 2 66,0,70,,594,0,67 2 66,0,30,,587,0,67 2 66,0,70,,601,0,67 2 66,0,30,,600,0,67 2 66,0,70,,580,0,67 2 66,0,30,,589,0,67 2 66,0,100,,599,0,67 2 66,0,100,,597,0,67 2 66,0,100,,591,0,67 2 66,0
300,'4',545,,625,0,67 2 66,0,70,,618,0,67 2 66,0,30,,620,0,67 2 66,0,70,,615,0,67 2 66,0,30,,627,0,67 2 66,0,70,,622,0,67 2 66,0,30,,641,0,67 2 66,0,70,,643,0,67 2 66,0,30,,614,0,67 2 66,0,70,,639,0,67 2 66,0,30,,616,0,67 2 66,0,70,,617,0,67 2 66,0,30,,628,0,67 2 66,0,70,,637,0,67 2 66,0,30,,642,0,67 2 66,0,70,,638,0,67 2 66,0,30,,630,0,67 2 66,0,70,,634,0,67 2 66,0,30,,636,0,67 2 66,0,70,,624,0,67 2 66,0,30,,640,0,67 2 66,0,70,,613,0,67 2 66,0,30,,635,0,67 2 66,0,70,,626,0,67 2 66,0,30,,619,0,67 2 66,0,70,,633,0,67 2 66,0,30,,632,0,67 2 66,0,70,,612,0,67 2 66,0,30,,621,0,67 2 66,0,100,,631,0,67 2 66,0,100,,629,0,67 2 66,0,100,,623,0,67 2 66,0
1101,'1',848,,1290,0,5 2 6 7,0,100,,1299,0,5 2 6 7,0,100,,1297,0,5 2 6 7,0,100,,1298,0,5 2 6 7,0,100,,1296,0,5 2 6 7,0,100,,1295,0,5 2 6 7,0,100,,1294,0,5 2 6 7,0,100,,1289,0,5 2 6 7,0,100,,1293,0,5 2 6 7,0,100,,1292,0,5 2 6 7,0,100,,1291,0,5 2 6 7,0,100,,1300,0,5 2 6 7,0
1101,'2',548,,1326,0,5 2 6 7,0,70,,1323,0,5 2 6 7,0,30,,1316,0,5 2 6 7,0,70,,1314,0,5 2 6 7,0,30,,1312,0,5 2 6 7,0,70,,1322,0,5 2 6 7,0,30,,1308,0,5 2 6 7,0,70,,1317,0,5 2 6 7,0,30,,1319,0,5 2 6 7,0,70,,1325,0,5 2 6 7,0,30,,1321,0,5 2 6 7,0,70,,1301,0,5 2 6 7,0,30,,1309,0,5 2 6 7,0,70,,1304,0,5 2 6 7,0,30,,1327,0,5 2 6 7,0,70,,1302,0,5 2 6 7,0,30,,1318,0,5 2 6 7,0,70,,1311,0,5 2 6 7,0,30,,1307,0,5 2 6 7,0,70,,1328,0,5 2 6 7,0,30,,1324,0,5 2 6 7,0,70,,1306,0,5 2 6 7,0,30,,1315,0,5 2 6 7,0,70,,1313,0,5 2 6 7,0,30,,1320,0,5 2 6 7,0,70,,1303,0,5 2 6 7,0,30,,1329,0,5 2 6 7,0,70,,1310,0,5 2 6 7,0,30,,1305,0,5 2 6 7,0
1101,'3',548,,1358,0,5 2 6 7,0,70,,1352,0,5 2 6 7,0,30,,1332,0,5 2 6 7,0,70,,1350,0,5 2 6 7,0,30,,1351,0,5 2 6 7,0,70,,1336,0,5 2 6 7,0,30,,1343,0,5 2 6 7,0,70,,1356,0,5 2 6 7,0,30,,1333,0,5 2 6 7,0,70,,1346,0,5 2 6 7,0,30,,1339,0,5 2 6 7,0,70,,1341,0,5 2 6 7,0,30,,1349,0,5 2 6 7,0,70,,1334,0,5 2 6 7,0,30,,1338,0,5 2 6 7,0,70,,1345,0,5 2 6 7,0,30,,1344,0,5 2 6 7,0,70,,1354,0,5 2 6 7,0,30,,1330,0,5 2 6 7,0,70,,1337,0,5 2 6 7,0,30,,1335,0,5 2 6 7,0,70,,1348,0,5 2 6 7,0,30,,1353,0,5 2 6 7,0,70,,1357,0,5 2 6 7,0,30,,1347,0,5 2 6 7,0,70,,1331,0,5 2 6 7,0,30,,1355,0,5 2 6 7,0,70,,1342,0,5 2 6 7,0,30,,1340,0,5 2 6 7,0
1101,'4',548,,1387,0,5 2 6 7,0,70,,1381,0,5 2 6 7,0,30,,1361,0,5 2 6 7,0,70,,1379,0,5 2 6 7,0,30,,1380,0,5 2 6 7,0,70,,1365,0,5 2 6 7,0,30,,1372,0,5 2 6 7,0,70,,1385,0,5 2 6 7,0,30,,1362,0,5 2 6 7,0,70,,1375,0,5 2 6 7,0,30,,1368,0,5 2 6 7,0,70,,1370,0,5 2 6 7,0,30,,1378,0,5 2 6 7,0,70,,1363,0,5 2 6 7,0,30,,1367,0,5 2 6 7,0,70,,1374,0,5 2 6 7,0,30,,1373,0,5 2 6 7,0,70,,1383,0,5 2 6 7,0,30,,1359,0,5 2 6 7,0,70,,1366,0,5 2 6 7,0,30,,1364,0,5 2 6 7,0,70,,1377,0,5 2 6 7,0,30,,1382,0,5 2 6 7,0,70,,1386,0,5 2 6 7,0,30,,1376,0,5 2 6 7,0,70,,1360,0,5 2 6 7,0,30,,1384,0,5 2 6 7,0,70,,1371,0,5 2 6 7,0,30,,1369,0,5 2 6 7,0
1300,'1',846,,1642,0,65 11 2 66 2 21,0,100,,1640,0,65 11 2 66 2 21,0,100,,1645,0,65 11 2 66 2 21,0,100,,1646,0,65 11 2 66 2 21,0,100,,1647,0,65 11 2 66 2 21,0,100,,1644,0,65 11 2 66 2 21,0,100,,1649,0,65 11 2 66 2 21,0,100,,1643,0,65 11 2 66 2 21,0,100,,1651,0,65 11 2 66 2 21,0,100,,1650,0,65 11 2 66 2 21,0,100,,1641,0,65 11 2 66 2 21,0,100,,1648,0,65 11 2 66 2 21,0
1300,'2',516,,1676,0,65 11 2 66 2 21,0,30,,1654,0,65 11 2 66 2 21,0,70,,1663,0,65 11 2 66 2 21,0,30,,1673,0,65 11 2 66 2 21,0,70,,1669,0,65 11 2 66 2 21,0,30,,1652,0,65 11 2 66 2 21,0,70,,1659,0,65 11 2 66 2 21,0,30,,1667,0,65 11 2 66 2 21,0,70,,1670,0,65 11 2 66 2 21,0,30,,1658,0,65 11 2 66 2 21,0,70,,1657,0,65 11 2 66 2 21,0,100,,1655,0,65 11 2 66 2 21,0,100,,1666,0,65 11 2 66 2 21,0,100,,1664,0,65 11 2 66 2 21,0,100,,1671,0,65 11 2 66 2 21,0,100,,1665,0,65 11 2 66 2 21,0,30,,1661,0,65 11 2 66 2 21,0,70,,1668,0,65 11 2 66 2 21,0,30,,1672,0,65 11 2 66 2 21,0,70,,1660,0,65 11 2 66 2 21,0,30,,1675,0,65 11 2 66 2 21,0,70,,1653,0,65 11 2 66 2 21,0,30,,1662,0,65 11 2 66 2 21,0,70,,1656,0,65 11 2 66 2 21,0,30,,1674,0,65 11 2 66 2 21,0
1300,'3',516,,1679,0,65 11 2 66 2 21,0,30,,1696,0,65 11 2 66 2 21,0,70,,1700,0,65 11 2 66 2 21,0,30,,1684,0,65 11 2 66 2 21,0,70,,1692,0,65 11 2 66 2 21,0,30,,1693,0,65 11 2 66 2 21,0,70,,1689,0,65 11 2 66 2 21,0,30,,1680,0,65 11 2 66 2 21,0,70,,1682,0,65 11 2 66 2 21,0,30,,1699,0,65 11 2 66 2 21,0,70,,1698,0,65 11 2 66 2 21,0,100,,1701,0,65 11 2 66 2 21,0,100,,1681,0,65 11 2 66 2 21,0,100,,1697,0,65 11 2 66 2 21,0,100,,1683,0,65 11 2 66 2 21,0,100,,1677,0,65 11 2 66 2 21,0,30,,1686,0,65 11 2 66 2 21,0,70,,1688,0,65 11 2 66 2 21,0,30,,1695,0,65 11 2 66 2 21,0,70,,1694,0,65 11 2 66 2 21,0,30,,1690,0,65 11 2 66 2 21,0,70,,1678,0,65 11 2 66 2 21,0,30,,1691,0,65 11 2 66 2 21,0,70,,1687,0,65 11 2 66 2 21,0,30,,1685,0,65 11 2 66 2 21,0
1300,'4',516,,1704,0,65 11 2 66 2 21,0,30,,1721,0,65 11 2 66 2 21,0,70,,1725,0,65 11 2 66 2 21,0,30,,1709,0,65 11 2 66 2 21,0,70,,1717,0,65 11 2 66 2 21,0,30,,1718,0,65 11 2 66 2 21,0,70,,1714,0,65 11 2 66 2 21,0,30,,1705,0,65 11 2 66 2 21,0,70,,1707,0,65 11 2 66 2 21,0,30,,1724,0,65 11 2 66 2 21,0,70,,1723,0,65 11 2 66 2 21,0,100,,1726,0,65 11 2 66 2 21,0,100,,1706,0,65 11 2 66 2 21,0,100,,1722,0,65 11 2 66 2 21,0,100,,1708,0,65 11 2 66 2 21,0,100,,1702,0,65 11 2 66 2 21,0,30,,1711,0,65 11 2 66 2 21,0,70,,1713,0,65 11 2 66 2 21,0,30,,1720,0,65 11 2 66 2 21,0,70,,1719,0,65 11 2 66 2 21,0,30,,1715,0,65 11 2 66 2 21,0,70,,1703,0,65 11 2 66 2 21,0,30,,1716,0,65 11 2 66 2 21,0,70,,1712,0,65 11 2 66 2 21,0,30,,1710,0,65 11 2 66 2 21,0
15100,'3',1605,,2304,4,,0
15101,'3',825,,2305,0,19 1 20,0
