1000,'1',824,,993,9,0,33,0,100,,994,9,0,33,0,100,,990,9,0,33,0,100,,984,9,0,33,0,100,,992,9,0,33,0,100,,988,9,0,33,0,100,,987,9,0,33,0,100,,985,9,0,33,0,100,,989,9,0,33,0,100,,983,9,0,33,0,100,,991,9,0,33,0,100,,986,9,0,33,0
1000,'2',524,,999,9,0,33,0,30,,1000,9,0,33,0,70,,1025,9,0,33,0,30,,1018,9,0,33,0,70,,998,9,0,33,0,30,,1019,9,0,33,0,70,,1006,9,0,33,0,30,,1008,9,0,33,0,70,,1001,9,0,33,0,30,,1004,9,0,33,0,70,,1009,9,0,33,0,30,,996,9,0,33,0,70,,1016,9,0,33,0,30,,1003,9,0,33,0,70,,997,9,0,33,0,30,,1013,9,0,33,0,70,,1010,9,0,33,0,30,,1014,9,0,33,0,70,,1017,9,0,33,0,30,,1020,9,0,33,0,70,,1021,9,0,33,0,30,,1005,9,0,33,0,70,,1015,9,0,33,0,30,,1023,9,0,33,0,70,,1022,9,0,33,0,30,,1002,9,0,33,0,70,,1012,9,0,33,0,30,,1007,9,0,33,0,70,,995,9,0,33,0,30,,1024,9,0,33,0
1000,'3',524,,1049,9,0,33,0,30,,1026,9,0,33,0,70,,1048,9,0,33,0,30,,1035,9,0,33,0,70,,1047,9,0,33,0,30,,1039,9,0,33,0,70,,1051,9,0,33,0,30,,1037,9,0,33,0,70,,1055,9,0,33,0,30,,1054,9,0,33,0,70,,1036,9,0,33,0,30,,1052,9,0,33,0,70,,1029,9,0,33,0,30,,1027,9,0,33,0,70,,1053,9,0,33,0,30,,1045,9,0,33,0,70,,1046,9,0,33,0,30,,1050,9,0,33,0,70,,1043,9,0,33,0,30,,1028,9,0,33,0,70,,1032,9,0,33,0,30,,1040,9,0,33,0,70,,1038,9,0,33,0,30,,1034,9,0,33,0,70,,1031,9,0,33,0,30,,1056,9,0,33,0,70,,1041,9,0,33,0,30,,1030,9,0,33,0,70,,1042,9,0,33,0,30,,1033,9,0,33,0
1000,'4',524,,1080,9,0,33,0,30,,1057,9,0,33,0,70,,1079,9,0,33,0,30,,1066,9,0,33,0,70,,1078,9,0,33,0,30,,1070,9,0,33,0,70,,1082,9,0,33,0,30,,1068,9,0,33,0,70,,1086,9,0,33,0,30,,1085,9,0,33,0,70,,1067,9,0,33,0,30,,1083,9,0,33,0,70,,1060,9,0,33,0,30,,1058,9,0,33,0,70,,1084,9,0,33,0,30,,1076,9,0,33,0,70,,1077,9,0,33,0,30,,1081,9,0,33,0,70,,1074,9,0,33,0,30,,1059,9,0,33,0,70,,1063,9,0,33,0,30,,1071,9,0,33,0,70,,1069,9,0,33,0,30,,1065,9,0,33,0,70,,1062,9,0,33,0,30,,1087,9,0,33,0,70,,1072,9,0,33,0,30,,1061,9,0,33,0,70,,1073,9,0,33,0,30,,1064,9,0,33,0
11100,'3',1457,,2249,7,,,0
12000,'3',1600,,2255,6,0,26 27 3 28 16,0
12100,'3',1550,,2257,6,0,28 29,0
13500,'3',1529,,2279,6,0,78 79 26 27 3 26 37,0
13700,'3',1529,,2283,6,0,80 10 11 32 3 28 16,0
14001,'3',819,,2290,5,0,25,0
15001,'3',749,,2302,5,,,0,70,,2301,5,,,0,30,,2303,5,,,0
