101,'1',833,,148,4,0,41 42 43 44,0,70,,156,4,0,41 42 43 44,0,30,,144,4,0,41 42 43 44,0,70,,149,4,0,41 42 43 44,0,30,,143,4,0,41 42 43 44,0,70,,153,4,0,41 42 43 44,0,30,,137,4,0,41 42 43 44,0,70,,141,4,0,41 42 43 44,0,30,,158,4,0,41 42 43 44,0,70,,145,4,0,41 42 43 44,0,30,,142,4,0,41 42 43 44,0,70,,150,4,0,41 42 43 44,0,30,,151,4,0,41 42 43 44,0,70,,157,4,0,41 42 43 44,0,30,,154,4,0,41 42 43 44,0,70,,138,4,0,41 42 43 44,0,30,,155,4,0,41 42 43 44,0,70,,139,4,0,41 42 43 44,0,30,,135,4,0,41 42 43 44,0,70,,136,4,0,41 42 43 44,0,30,,140,4,0,41 42 43 44,0,70,,146,4,0,41 42 43 44,0,30,,147,4,0,41 42 43 44,0
101,'2',533,,185,4,0,41 42 43 44,0,70,,181,4,0,41 42 43 44,0,30,,175,4,0,41 42 43 44,0,70,,173,4,0,41 42 43 44,0,30,,180,4,0,41 42 43 44,0,70,,168,4,0,41 42 43 44,0,30,,184,4,0,41 42 43 44,0,70,,192,4,0,41 42 43 44,0,30,,191,4,0,41 42 43 44,0,70,,160,4,0,41 42 43 44,0,30,,164,4,0,41 42 43 44,0,70,,163,4,0,41 42 43 44,0,30,,176,4,0,41 42 43 44,0,70,,162,4,0,41 42 43 44,0,30,,182,4,0,41 42 43 44,0,70,,179,4,0,41 42 43 44,0,30,,188,4,0,41 42 43 44,0,70,,159,4,0,41 42 43 44,0,30,,190,4,0,41 42 43 44,0,70,,167,4,0,41 42 43 44,0,30,,172,4,0,41 42 43 44,0,70,,166,4,0,41 42 43 44,0,30,,193,4,0,41 42 43 44,0,70,,189,4,0,41 42 43 44,0,30,,170,4,0,41 42 43 44,0,70,,177,4,0,41 42 43 44,0,30,,196,4,0,41 42 43 44,0,70,,169,4,0,41 42 43 44,0,30,,187,4,0,41 42 43 44,0,70,,194,4,0,41 42 43 44,0,30,,174,4,0,41 42 43 44,0,70,,171,4,0,41 42 43 44,0,30,,165,4,0,41 42 43 44,0,70,,183,4,0,41 42 43 44,0,30,,186,4,0,41 42 43 44,0,70,,195,4,0,41 42 43 44,0,30,,161,4,0,41 42 43 44,0
101,'3',533,,221,4,0,41 42 43 44,0,70,,215,4,0,41 42 43 44,0,30,,209,4,0,41 42 43 44,0,70,,211,4,0,41 42 43 44,0,30,,198,4,0,41 42 43 44,0,70,,206,4,0,41 42 43 44,0,30,,218,4,0,41 42 43 44,0,70,,222,4,0,41 42 43 44,0,30,,205,4,0,41 42 43 44,0,70,,213,4,0,41 42 43 44,0,30,,219,4,0,41 42 43 44,0,70,,233,4,0,41 42 43 44,0,30,,199,4,0,41 42 43 44,0,70,,230,4,0,41 42 43 44,0,30,,227,4,0,41 42 43 44,0,70,,216,4,0,41 42 43 44,0,30,,228,4,0,41 42 43 44,0,70,,200,4,0,41 42 43 44,0,30,,197,4,0,41 42 43 44,0,70,,229,4,0,41 42 43 44,0,30,,220,4,0,41 42 43 44,0,70,,204,4,0,41 42 43 44,0,30,,214,4,0,41 42 43 44,0,70,,234,4,0,41 42 43 44,0,30,,208,4,0,41 42 43 44,0,70,,223,4,0,41 42 43 44,0,30,,232,4,0,41 42 43 44,0,70,,212,4,0,41 42 43 44,0,30,,224,4,0,41 42 43 44,0,70,,226,4,0,41 42 43 44,0,30,,201,4,0,41 42 43 44,0,70,,202,4,0,41 42 43 44,0,30,,217,4,0,41 42 43 44,0,70,,210,4,0,41 42 43 44,0,30,,207,4,0,41 42 43 44,0,70,,231,4,0,41 42 43 44,0,30,,203,4,0,41 42 43 44,0
101,'4',533,,259,4,0,41 42 43 44,0,70,,253,4,0,41 42 43 44,0,30,,247,4,0,41 42 43 44,0,70,,249,4,0,41 42 43 44,0,30,,236,4,0,41 42 43 44,0,70,,244,4,0,41 42 43 44,0,30,,256,4,0,41 42 43 44,0,70,,260,4,0,41 42 43 44,0,30,,243,4,0,41 42 43 44,0,70,,251,4,0,41 42 43 44,0,30,,257,4,0,41 42 43 44,0,70,,271,4,0,41 42 43 44,0,30,,237,4,0,41 42 43 44,0,70,,268,4,0,41 42 43 44,0,30,,265,4,0,41 42 43 44,0,70,,254,4,0,41 42 43 44,0,30,,266,4,0,41 42 43 44,0,70,,238,4,0,41 42 43 44,0,30,,235,4,0,41 42 43 44,0,70,,267,4,0,41 42 43 44,0,30,,258,4,0,41 42 43 44,0,70,,242,4,0,41 42 43 44,0,30,,252,4,0,41 42 43 44,0,70,,272,4,0,41 42 43 44,0,30,,246,4,0,41 42 43 44,0,70,,261,4,0,41 42 43 44,0,30,,270,4,0,41 42 43 44,0,70,,250,4,0,41 42 43 44,0,30,,262,4,0,41 42 43 44,0,70,,264,4,0,41 42 43 44,0,30,,239,4,0,41 42 43 44,0,70,,240,4,0,41 42 43 44,0,30,,255,4,0,41 42 43 44,0,70,,248,4,0,41 42 43 44,0,30,,245,4,0,41 42 43 44,0,70,,269,4,0,41 42 43 44,0,30,,241,4,0,41 42 43 44,0
1501,'1',848,,1898,11,0,39 2 40,0,100,,1903,11,0,39 2 40,0,100,,1896,11,0,39 2 40,0,100,,1897,11,0,39 2 40,0,100,,1901,11,0,39 2 40,0,100,,1906,11,0,39 2 40,0,100,,1905,11,0,39 2 40,0,100,,1900,11,0,39 2 40,0,100,,1895,11,0,39 2 40,0,100,,1899,11,0,39 2 40,0,100,,1904,11,0,39 2 40,0,100,,1902,11,0,39 2 40,0
1501,'2',548,,1913,11,0,39 2 40,0,70,,1926,11,0,39 2 40,0,30,,1924,11,0,39 2 40,0,70,,1916,11,0,39 2 40,0,30,,1918,11,0,39 2 40,0,70,,1923,11,0,39 2 40,0,30,,1921,11,0,39 2 40,0,70,,1908,11,0,39 2 40,0,30,,1929,11,0,39 2 40,0,100,,1925,11,0,39 2 40,0,100,,1914,11,0,39 2 40,0,100,,1919,11,0,39 2 40,0,100,,1909,11,0,39 2 40,0,100,,1928,11,0,39 2 40,0,70,,1917,11,0,39 2 40,0,30,,1911,11,0,39 2 40,0,70,,1920,11,0,39 2 40,0,30,,1907,11,0,39 2 40,0,70,,1915,11,0,39 2 40,0,30,,1912,11,0,39 2 40,0,70,,1927,11,0,39 2 40,0,30,,1910,11,0,39 2 40,0,100,,1922,11,0,39 2 40,0
1501,'3',548,,1947,11,0,39 2 40,0,70,,1933,11,0,39 2 40,0,30,,1951,11,0,39 2 40,0,70,,1943,11,0,39 2 40,0,30,,1934,11,0,39 2 40,0,70,,1941,11,0,39 2 40,0,30,,1938,11,0,39 2 40,0,70,,1940,11,0,39 2 40,0,30,,1932,11,0,39 2 40,0,100,,1950,11,0,39 2 40,0,100,,1936,11,0,39 2 40,0,100,,1931,11,0,39 2 40,0,100,,1948,11,0,39 2 40,0,100,,1939,11,0,39 2 40,0,70,,1945,11,0,39 2 40,0,30,,1935,11,0,39 2 40,0,70,,1952,11,0,39 2 40,0,30,,1942,11,0,39 2 40,0,70,,1949,11,0,39 2 40,0,30,,1937,11,0,39 2 40,0,70,,1946,11,0,39 2 40,0,30,,1944,11,0,39 2 40,0,100,,1930,11,0,39 2 40,0
1501,'4',548,,1970,11,0,39 2 40,0,70,,1956,11,0,39 2 40,0,30,,1974,11,0,39 2 40,0,70,,1966,11,0,39 2 40,0,30,,1957,11,0,39 2 40,0,70,,1964,11,0,39 2 40,0,30,,1961,11,0,39 2 40,0,70,,1963,11,0,39 2 40,0,30,,1955,11,0,39 2 40,0,100,,1973,11,0,39 2 40,0,100,,1959,11,0,39 2 40,0,100,,1954,11,0,39 2 40,0,100,,1971,11,0,39 2 40,0,100,,1962,11,0,39 2 40,0,70,,1968,11,0,39 2 40,0,30,,1958,11,0,39 2 40,0,70,,1975,11,0,39 2 40,0,30,,1965,11,0,39 2 40,0,70,,1972,11,0,39 2 40,0,30,,1960,11,0,39 2 40,0,70,,1969,11,0,39 2 40,0,30,,1967,11,0,39 2 40,0,100,,1953,11,0,39 2 40,0
11201,'3',745,,2252,14,,,0
14101,'3',825,,2293,16,,,0
