101,'1',835,,3915,5,0,40 41 42 43,0,70,,3908,5,0,40 41 42 43,0,30,,3906,5,0,40 41 42 43,0,70,,3230,5,0,40 41 42 43,0,30,,3905,5,0,40 41 42 43,0,70,,3916,5,0,40 41 42 43,0,30,,3904,5,0,40 41 42 43,0,70,,3903,5,0,40 41 42 43,0,30,,2363,5,0,40 41 42 43,0,70,,3910,5,0,40 41 42 43,0,30,,3462,5,0,40 41 42 43,0,70,,1519,5,0,40 41 42 43,0,30,,3912,5,0,40 41 42 43,0,70,,3911,5,0,40 41 42 43,0,30,,2353,5,0,40 41 42 43,0,70,,3909,5,0,40 41 42 43,0,30,,3899,5,0,40 41 42 43,0,70,,3901,5,0,40 41 42 43,0,30,,3914,5,0,40 41 42 43,0,70,,3902,5,0,40 41 42 43,0,30,,3579,5,0,40 41 42 43,0,70,,3913,5,0,40 41 42 43,0,30,,3907,5,0,40 41 42 43,0
101,'2',535,,3930,5,0,40 41 42 43,0,70,,566,5,0,40 41 42 43,0,30,,3924,5,0,40 41 42 43,0,70,,159,5,0,40 41 42 43,0,30,,3582,5,0,40 41 42 43,0,70,,2796,5,0,40 41 42 43,0,30,,3919,5,0,40 41 42 43,0,70,,2917,5,0,40 41 42 43,0,30,,3917,5,0,40 41 42 43,0,70,,3925,5,0,40 41 42 43,0,30,,3348,5,0,40 41 42 43,0,70,,3932,5,0,40 41 42 43,0,30,,3928,5,0,40 41 42 43,0,70,,3648,5,0,40 41 42 43,0,30,,3929,5,0,40 41 42 43,0,70,,3060,5,0,40 41 42 43,0,30,,3927,5,0,40 41 42 43,0,70,,1927,5,0,40 41 42 43,0,30,,2372,5,0,40 41 42 43,0,70,,3921,5,0,40 41 42 43,0,30,,3918,5,0,40 41 42 43,0,70,,3934,5,0,40 41 42 43,0,30,,3926,5,0,40 41 42 43,0,70,,3129,5,0,40 41 42 43,0,30,,2467,5,0,40 41 42 43,0,70,,3936,5,0,40 41 42 43,0,30,,3938,5,0,40 41 42 43,0,70,,3588,5,0,40 41 42 43,0,30,,3922,5,0,40 41 42 43,0,70,,3935,5,0,40 41 42 43,0,30,,3920,5,0,40 41 42 43,0,70,,1435,5,0,40 41 42 43,0,30,,3937,5,0,40 41 42 43,0,70,,3933,5,0,40 41 42 43,0,30,,171,5,0,40 41 42 43,0,70,,3931,5,0,40 41 42 43,0,30,,3351,5,0,40 41 42 43,0
101,'3',535,,2831,5,0,40 41 42 43,0,70,,3517,5,0,40 41 42 43,0,30,,2338,5,0,40 41 42 43,0,70,,3957,5,0,40 41 42 43,0,30,,3963,5,0,40 41 42 43,0,70,,3303,5,0,40 41 42 43,0,30,,3960,5,0,40 41 42 43,0,70,,1083,5,0,40 41 42 43,0,30,,3946,5,0,40 41 42 43,0,70,,3956,5,0,40 41 42 43,0,30,,3958,5,0,40 41 42 43,0,70,,3954,5,0,40 41 42 43,0,30,,3948,5,0,40 41 42 43,0,70,,3952,5,0,40 41 42 43,0,30,,3955,5,0,40 41 42 43,0,70,,3951,5,0,40 41 42 43,0,30,,3942,5,0,40 41 42 43,0,70,,3941,5,0,40 41 42 43,0,30,,3939,5,0,40 41 42 43,0,70,,3962,5,0,40 41 42 43,0,30,,3953,5,0,40 41 42 43,0,70,,2428,5,0,40 41 42 43,0,30,,3949,5,0,40 41 42 43,0,70,,3945,5,0,40 41 42 43,0,30,,3961,5,0,40 41 42 43,0,70,,3959,5,0,40 41 42 43,0,30,,631,5,0,40 41 42 43,0,70,,3940,5,0,40 41 42 43,0,30,,3950,5,0,40 41 42 43,0,70,,3299,5,0,40 41 42 43,0,30,,3964,5,0,40 41 42 43,0,70,,2964,5,0,40 41 42 43,0,30,,3947,5,0,40 41 42 43,0,70,,3388,5,0,40 41 42 43,0,30,,743,5,0,40 41 42 43,0,70,,3943,5,0,40 41 42 43,0,30,,3944,5,0,40 41 42 43,0
101,'4',535,,2811,5,0,40 41 42 43,0,70,,3502,5,0,40 41 42 43,0,30,,2321,5,0,40 41 42 43,0,70,,3981,5,0,40 41 42 43,0,30,,3986,5,0,40 41 42 43,0,70,,3283,5,0,40 41 42 43,0,30,,3983,5,0,40 41 42 43,0,70,,1052,5,0,40 41 42 43,0,30,,3971,5,0,40 41 42 43,0,70,,3980,5,0,40 41 42 43,0,30,,1349,5,0,40 41 42 43,0,70,,3767,5,0,40 41 42 43,0,30,,3973,5,0,40 41 42 43,0,70,,3977,5,0,40 41 42 43,0,30,,3979,5,0,40 41 42 43,0,70,,3976,5,0,40 41 42 43,0,30,,3968,5,0,40 41 42 43,0,70,,3966,5,0,40 41 42 43,0,30,,3965,5,0,40 41 42 43,0,70,,3985,5,0,40 41 42 43,0,30,,3978,5,0,40 41 42 43,0,70,,2402,5,0,40 41 42 43,0,30,,3974,5,0,40 41 42 43,0,70,,3970,5,0,40 41 42 43,0,30,,3984,5,0,40 41 42 43,0,70,,3982,5,0,40 41 42 43,0,30,,599,5,0,40 41 42 43,0,70,,3967,5,0,40 41 42 43,0,30,,3975,5,0,40 41 42 43,0,70,,3279,5,0,40 41 42 43,0,30,,3987,5,0,40 41 42 43,0,70,,2944,5,0,40 41 42 43,0,30,,3972,5,0,40 41 42 43,0,70,,3368,5,0,40 41 42 43,0,30,,709,5,0,40 41 42 43,0,70,,3969,5,0,40 41 42 43,0,30,,3789,5,0,40 41 42 43,0
1501,'1',852,,5018,12,0,38 2 39,0,100,,5022,12,0,38 2 39,0,100,,5024,12,0,38 2 39,0,100,,5025,12,0,38 2 39,0,100,,5021,12,0,38 2 39,0,100,,5020,12,0,38 2 39,0,100,,5026,12,0,38 2 39,0,100,,5019,12,0,38 2 39,0,100,,3521,12,0,38 2 39,0,100,,2779,12,0,38 2 39,0,100,,3637,12,0,38 2 39,0,100,,5023,12,0,38 2 39,0
1501,'2',551,,5032,12,0,38 2 39,0,70,,5038,12,0,38 2 39,0,30,,2556,12,0,38 2 39,0,70,,5029,12,0,38 2 39,0,30,,5034,12,0,38 2 39,0,70,,5030,12,0,38 2 39,0,30,,185,12,0,38 2 39,0,70,,5027,12,0,38 2 39,0,30,,3534,12,0,38 2 39,0,100,,5042,12,0,38 2 39,0,100,,5041,12,0,38 2 39,0,100,,5031,12,0,38 2 39,0,100,,3592,12,0,38 2 39,0,100,,2375,12,0,38 2 39,0,70,,5039,12,0,38 2 39,0,30,,1126,12,0,38 2 39,0,70,,5036,12,0,38 2 39,0,30,,5033,12,0,38 2 39,0,70,,573,12,0,38 2 39,0,30,,5028,12,0,38 2 39,0,70,,5037,12,0,38 2 39,0,30,,5040,12,0,38 2 39,0,100,,5035,12,0,38 2 39,0
1501,'3',551,,5045,12,0,38 2 39,0,70,,2508,12,0,38 2 39,0,30,,5052,12,0,38 2 39,0,70,,5046,12,0,38 2 39,0,30,,3631,12,0,38 2 39,0,70,,2502,12,0,38 2 39,0,30,,5047,12,0,38 2 39,0,70,,5043,12,0,38 2 39,0,30,,3401,12,0,38 2 39,0,100,,641,12,0,38 2 39,0,100,,5050,12,0,38 2 39,0,100,,5054,12,0,38 2 39,0,100,,2505,12,0,38 2 39,0,100,,3687,12,0,38 2 39,0,70,,5048,12,0,38 2 39,0,30,,5051,12,0,38 2 39,0,70,,5053,12,0,38 2 39,0,30,,2695,12,0,38 2 39,0,70,,5055,12,0,38 2 39,0,30,,738,12,0,38 2 39,0,70,,5044,12,0,38 2 39,0,30,,957,12,0,38 2 39,0,100,,5049,12,0,38 2 39,0
1501,'4',551,,5058,12,0,38 2 39,0,70,,2487,12,0,38 2 39,0,30,,5064,12,0,38 2 39,0,70,,2122,12,0,38 2 39,0,30,,3613,12,0,38 2 39,0,70,,2482,12,0,38 2 39,0,30,,5059,12,0,38 2 39,0,70,,5056,12,0,38 2 39,0,30,,3380,12,0,38 2 39,0,100,,609,12,0,38 2 39,0,100,,5062,12,0,38 2 39,0,100,,5066,12,0,38 2 39,0,100,,2484,12,0,38 2 39,0,100,,3670,12,0,38 2 39,0,70,,5060,12,0,38 2 39,0,30,,5063,12,0,38 2 39,0,70,,5065,12,0,38 2 39,0,30,,2671,12,0,38 2 39,0,70,,5067,12,0,38 2 39,0,30,,704,12,0,38 2 39,0,70,,5057,12,0,38 2 39,0,30,,923,12,0,38 2 39,0,100,,5061,12,0,38 2 39,0
13101,'3',756,,5247,14,,,0
13401,'3',748,,5253,13,,,0,1,,5254,13,,,0
13801,'3',750,,5259,21,,,0
