100,'2',2306,,55,7,0,41 42 43 44,0
100,'3',2306,,68,7,0,41 42 43 44,0
100,'4',2306,,105,7,0,41 42 43 44,0
300,'1',908,,547,24,0,67 2 66,0,100,,549,24,0,67 2 66,0,100,,546,24,0,67 2 66,0,100,,543,24,0,67 2 66,0,100,,542,24,0,67 2 66,0,100,,550,24,0,67 2 66,0,100,,541,24,0,67 2 66,0,100,,545,24,0,67 2 66,0,100,,544,24,0,67 2 66,0,100,,548,24,0,67 2 66,0,100,,540,24,0,67 2 66,0,100,,551,24,0,67 2 66,0
300,'2',608,,555,24,0,67 2 66,0,30,,561,24,0,67 2 66,0,70,,559,24,0,67 2 66,0,30,,565,24,0,67 2 66,0,70,,563,24,0,67 2 66,0,30,,557,24,0,67 2 66,0,70,,576,24,0,67 2 66,0,30,,554,24,0,67 2 66,0,70,,552,24,0,67 2 66,0,30,,564,24,0,67 2 66,0,70,,578,24,0,67 2 66,0,30,,568,24,0,67 2 66,0,70,,560,24,0,67 2 66,0,30,,567,24,0,67 2 66,0,100,,570,24,0,67 2 66,0,100,,558,24,0,67 2 66,0,100,,556,24,0,67 2 66,0,100,,571,24,0,67 2 66,0,70,,577,24,0,67 2 66,0,30,,553,24,0,67 2 66,0,70,,579,24,0,67 2 66,0,30,,572,24,0,67 2 66,0,70,,569,24,0,67 2 66,0,30,,566,24,0,67 2 66,0,70,,573,24,0,67 2 66,0,100,,562,24,0,67 2 66,0,100,,575,24,0,67 2 66,0,100,,574,24,0,67 2 66,0
300,'3',608,,593,24,0,67 2 66,0,30,,586,24,0,67 2 66,0,70,,588,24,0,67 2 66,0,30,,583,24,0,67 2 66,0,70,,595,24,0,67 2 66,0,30,,590,24,0,67 2 66,0,70,,609,24,0,67 2 66,0,30,,611,24,0,67 2 66,0,70,,582,24,0,67 2 66,0,30,,607,24,0,67 2 66,0,70,,584,24,0,67 2 66,0,30,,585,24,0,67 2 66,0,70,,596,24,0,67 2 66,0,30,,605,24,0,67 2 66,0,70,,610,24,0,67 2 66,0,30,,606,24,0,67 2 66,0,70,,598,24,0,67 2 66,0,30,,602,24,0,67 2 66,0,70,,604,24,0,67 2 66,0,30,,592,24,0,67 2 66,0,70,,608,24,0,67 2 66,0,30,,581,24,0,67 2 66,0,70,,603,24,0,67 2 66,0,30,,594,24,0,67 2 66,0,70,,587,24,0,67 2 66,0,30,,601,24,0,67 2 66,0,70,,600,24,0,67 2 66,0,30,,580,24,0,67 2 66,0,70,,589,24,0,67 2 66,0,100,,599,24,0,67 2 66,0,100,,597,24,0,67 2 66,0,100,,591,24,0,67 2 66,0
300,'4',608,,625,24,0,67 2 66,0,30,,618,24,0,67 2 66,0,70,,620,24,0,67 2 66,0,30,,615,24,0,67 2 66,0,70,,627,24,0,67 2 66,0,30,,622,24,0,67 2 66,0,70,,641,24,0,67 2 66,0,30,,643,24,0,67 2 66,0,70,,614,24,0,67 2 66,0,30,,639,24,0,67 2 66,0,70,,616,24,0,67 2 66,0,30,,617,24,0,67 2 66,0,70,,628,24,0,67 2 66,0,30,,637,24,0,67 2 66,0,70,,642,24,0,67 2 66,0,30,,638,24,0,67 2 66,0,70,,630,24,0,67 2 66,0,30,,634,24,0,67 2 66,0,70,,636,24,0,67 2 66,0,30,,624,24,0,67 2 66,0,70,,640,24,0,67 2 66,0,30,,613,24,0,67 2 66,0,70,,635,24,0,67 2 66,0,30,,626,24,0,67 2 66,0,70,,619,24,0,67 2 66,0,30,,633,24,0,67 2 66,0,70,,632,24,0,67 2 66,0,30,,612,24,0,67 2 66,0,70,,621,24,0,67 2 66,0,100,,631,24,0,67 2 66,0,100,,629,24,0,67 2 66,0,100,,623,24,0,67 2 66,0
13000,'3',1530,,2263,5,4,,0,2,,2265,5,4,,0,2,,2264,5,4,,0
14000,'3',1610,,2289,12,4,,0
15000,'3',1610,,2300,15,4,,0
