1600,'1',859,,1981,19,4,,0,100,,1982,19,4,,0,100,,1987,19,4,,0,100,,1986,19,4,,0,100,,1978,19,4,,0,100,,1977,19,4,,0,100,,1985,19,4,,0,100,,1983,19,4,,0,100,,1980,19,4,,0,100,,1979,19,4,,0,100,,1976,19,4,,0,100,,1984,19,4,,0
1600,'2',529,,1996,19,4,,0,30,,2012,19,4,,0,70,,2005,19,4,,0,30,,1992,19,4,,0,70,,1997,19,4,,0,30,,2003,19,4,,0,70,,2015,19,4,,0,30,,2016,19,4,,0,70,,1988,19,4,,0,30,,2002,19,4,,0,70,,2000,19,4,,0,30,,2011,19,4,,0,70,,2009,19,4,,0,30,,2008,19,4,,0,70,,1994,19,4,,0,30,,2007,19,4,,0,70,,2014,19,4,,0,30,,1991,19,4,,0,70,,1993,19,4,,0,30,,1990,19,4,,0,70,,2017,19,4,,0,30,,1989,19,4,,0,70,,2004,19,4,,0,30,,1998,19,4,,0,70,,2006,19,4,,0,30,,1995,19,4,,0,70,,2001,19,4,,0,30,,2013,19,4,,0,70,,1999,19,4,,0,30,,2010,19,4,,0
1600,'3',529,,2047,19,4,,0,30,,2027,19,4,,0,70,,2034,19,4,,0,30,,2043,19,4,,0,70,,2037,19,4,,0,30,,2045,19,4,,0,70,,2030,19,4,,0,30,,2040,19,4,,0,70,,2018,19,4,,0,30,,2028,19,4,,0,70,,2021,19,4,,0,30,,2036,19,4,,0,70,,2039,19,4,,0,30,,2035,19,4,,0,70,,2024,19,4,,0,30,,2019,19,4,,0,70,,2038,19,4,,0,30,,2029,19,4,,0,70,,2046,19,4,,0,30,,2031,19,4,,0,70,,2026,19,4,,0,30,,2022,19,4,,0,70,,2044,19,4,,0,30,,2020,19,4,,0,70,,2032,19,4,,0,30,,2023,19,4,,0,70,,2042,19,4,,0,30,,2025,19,4,,0,70,,2033,19,4,,0,30,,2041,19,4,,0
1600,'4',529,,2077,19,4,,0,30,,2057,19,4,,0,70,,2064,19,4,,0,30,,2073,19,4,,0,70,,2067,19,4,,0,30,,2075,19,4,,0,70,,2060,19,4,,0,30,,2070,19,4,,0,70,,2048,19,4,,0,30,,2058,19,4,,0,70,,2051,19,4,,0,30,,2066,19,4,,0,70,,2069,19,4,,0,30,,2065,19,4,,0,70,,2054,19,4,,0,30,,2049,19,4,,0,70,,2068,19,4,,0,30,,2059,19,4,,0,70,,2076,19,4,,0,30,,2061,19,4,,0,70,,2056,19,4,,0,30,,2052,19,4,,0,70,,2074,19,4,,0,30,,2050,19,4,,0,70,,2062,19,4,,0,30,,2053,19,4,,0,70,,2072,19,4,,0,30,,2055,19,4,,0,70,,2063,19,4,,0,30,,2071,19,4,,0
1601,'1',901,,2078,1,0,68 11,0,100,,2079,1,0,68 11,0,100,,2084,1,0,68 11,0,100,,2081,1,0,68 11,0,100,,2080,1,0,68 11,0,100,,2086,1,0,68 11,0,100,,2085,1,0,68 11,0,100,,2082,1,0,68 11,0,100,,2083,1,0,68 11,0,100,,2087,1,0,68 11,0,100,,2089,1,0,68 11,0,100,,2088,1,0,68 11,0
1601,'2',529,,2106,1,0,68 11,0,30,,2096,1,0,68 11,0,70,,2105,1,0,68 11,0,30,,2108,1,0,68 11,0,70,,2090,1,0,68 11,0,30,,2111,1,0,68 11,0,70,,2104,1,0,68 11,0,30,,2107,1,0,68 11,0,70,,2110,1,0,68 11,0,30,,2119,1,0,68 11,0,70,,2115,1,0,68 11,0,30,,2099,1,0,68 11,0,70,,2097,1,0,68 11,0,30,,2114,1,0,68 11,0,70,,2117,1,0,68 11,0,30,,2092,1,0,68 11,0,70,,2095,1,0,68 11,0,30,,2091,1,0,68 11,0,70,,2112,1,0,68 11,0,30,,2118,1,0,68 11,0,70,,2094,1,0,68 11,0,30,,2113,1,0,68 11,0,70,,2100,1,0,68 11,0,30,,2101,1,0,68 11,0,70,,2116,1,0,68 11,0,30,,2109,1,0,68 11,0,70,,2098,1,0,68 11,0,30,,2103,1,0,68 11,0,70,,2102,1,0,68 11,0,30,,2093,1,0,68 11,0
1601,'3',529,,2129,1,0,68 11,0,30,,2124,1,0,68 11,0,70,,2122,1,0,68 11,0,30,,2142,1,0,68 11,0,70,,2148,1,0,68 11,0,30,,2131,1,0,68 11,0,70,,2133,1,0,68 11,0,30,,2149,1,0,68 11,0,70,,2121,1,0,68 11,0,30,,2141,1,0,68 11,0,70,,2135,1,0,68 11,0,30,,2147,1,0,68 11,0,70,,2145,1,0,68 11,0,30,,2146,1,0,68 11,0,70,,2144,1,0,68 11,0,30,,2123,1,0,68 11,0,70,,2137,1,0,68 11,0,30,,2134,1,0,68 11,0,70,,2140,1,0,68 11,0,30,,2128,1,0,68 11,0,70,,2130,1,0,68 11,0,30,,2139,1,0,68 11,0,70,,2136,1,0,68 11,0,30,,2125,1,0,68 11,0,70,,2132,1,0,68 11,0,30,,2143,1,0,68 11,0,70,,2138,1,0,68 11,0,30,,2126,1,0,68 11,0,70,,2127,1,0,68 11,0,30,,2120,1,0,68 11,0
1601,'4',529,,2159,1,0,68 11,0,30,,2154,1,0,68 11,0,70,,2152,1,0,68 11,0,30,,2172,1,0,68 11,0,70,,2178,1,0,68 11,0,30,,2161,1,0,68 11,0,70,,2163,1,0,68 11,0,30,,2179,1,0,68 11,0,70,,2151,1,0,68 11,0,30,,2171,1,0,68 11,0,70,,2165,1,0,68 11,0,30,,2177,1,0,68 11,0,70,,2175,1,0,68 11,0,30,,2176,1,0,68 11,0,70,,2174,1,0,68 11,0,30,,2153,1,0,68 11,0,70,,2167,1,0,68 11,0,30,,2164,1,0,68 11,0,70,,2170,1,0,68 11,0,30,,2158,1,0,68 11,0,70,,2160,1,0,68 11,0,30,,2169,1,0,68 11,0,70,,2166,1,0,68 11,0,30,,2155,1,0,68 11,0,70,,2162,1,0,68 11,0,30,,2173,1,0,68 11,0,70,,2168,1,0,68 11,0,30,,2156,1,0,68 11,0,70,,2157,1,0,68 11,0,30,,2150,1,0,68 11,0
11300,'3',1515,,2253,15,4,,0
13300,'3',1540,,2272,14,4,,0
