201,'1',815,,2536,21,0,18,0,30,,4076,21,0,18,0,70,,4077,21,0,18,0,30,,4083,21,0,18,0,70,,4082,21,0,18,0,30,,4078,21,0,18,0,70,,2773,21,0,18,0,30,,4079,21,0,18,0,70,,4088,21,0,18,0,30,,4086,21,0,18,0,70,,4090,21,0,18,0,30,,2442,21,0,18,0,70,,4089,21,0,18,0,30,,4081,21,0,18,0,70,,4087,21,0,18,0,30,,4084,21,0,18,0,70,,4085,21,0,18,0,30,,3574,21,0,18,0,70,,2620,21,0,18,0,30,,4091,21,0,18,0,70,,4075,21,0,18,0,30,,4080,21,0,18,0,70,,4092,21,0,18,0,30,,4093,21,0,18,0
201,'2',515,,4110,21,0,18,0,30,,4112,21,0,18,0,70,,3711,21,0,18,0,30,,3532,21,0,18,0,70,,1013,21,0,18,0,30,,2466,21,0,18,0,70,,1827,21,0,18,0,30,,4099,21,0,18,0,70,,4107,21,0,18,0,30,,4116,21,0,18,0,70,,4106,21,0,18,0,30,,4115,21,0,18,0,70,,4109,21,0,18,0,30,,4113,21,0,18,0,70,,2793,21,0,18,0,30,,4102,21,0,18,0,70,,1744,21,0,18,0,30,,1670,21,0,18,0,70,,4108,21,0,18,0,30,,4104,21,0,18,0,70,,4114,21,0,18,0,30,,3704,21,0,18,0,70,,4101,21,0,18,0,30,,1124,21,0,18,0,70,,4100,21,0,18,0,30,,4095,21,0,18,0,70,,4097,21,0,18,0,30,,4094,21,0,18,0,70,,4098,21,0,18,0,30,,4105,21,0,18,0,70,,4118,21,0,18,0,30,,4117,21,0,18,0,70,,4103,21,0,18,0,30,,4096,21,0,18,0,70,,4111,21,0,18,0,30,,3127,21,0,18,0
201,'3',515,,4142,21,0,18,0,30,,3023,21,0,18,0,70,,4123,21,0,18,0,30,,4130,21,0,18,0,70,,2898,21,0,18,0,30,,4124,21,0,18,0,70,,4138,21,0,18,0,30,,1626,21,0,18,0,70,,252,21,0,18,0,30,,4134,21,0,18,0,70,,3507,21,0,18,0,30,,4132,21,0,18,0,70,,4137,21,0,18,0,30,,4136,21,0,18,0,70,,4143,21,0,18,0,30,,4135,21,0,18,0,70,,4120,21,0,18,0,30,,3564,21,0,18,0,70,,2504,21,0,18,0,30,,4141,21,0,18,0,70,,4139,21,0,18,0,30,,4131,21,0,18,0,70,,4140,21,0,18,0,30,,4119,21,0,18,0,70,,3619,21,0,18,0,30,,4133,21,0,18,0,70,,3753,21,0,18,0,30,,4128,21,0,18,0,70,,4129,21,0,18,0,30,,4127,21,0,18,0,70,,4125,21,0,18,0,30,,4122,21,0,18,0,70,,4126,21,0,18,0,30,,4121,21,0,18,0,70,,3016,21,0,18,0,30,,2513,21,0,18,0
201,'4',515,,4165,21,0,18,0,30,,3004,21,0,18,0,70,,4148,21,0,18,0,30,,4154,21,0,18,0,70,,2881,21,0,18,0,30,,3766,21,0,18,0,70,,4161,21,0,18,0,30,,1593,21,0,18,0,70,,214,21,0,18,0,30,,4158,21,0,18,0,70,,3493,21,0,18,0,30,,4156,21,0,18,0,70,,3777,21,0,18,0,30,,4160,21,0,18,0,70,,4166,21,0,18,0,30,,4159,21,0,18,0,70,,4145,21,0,18,0,30,,3549,21,0,18,0,70,,2483,21,0,18,0,30,,4164,21,0,18,0,70,,4162,21,0,18,0,30,,4155,21,0,18,0,70,,4163,21,0,18,0,30,,4144,21,0,18,0,70,,3601,21,0,18,0,30,,4157,21,0,18,0,70,,3736,21,0,18,0,30,,4152,21,0,18,0,70,,4153,21,0,18,0,30,,4151,21,0,18,0,70,,4149,21,0,18,0,30,,4147,21,0,18,0,70,,4150,21,0,18,0,30,,4146,21,0,18,0,70,,2997,21,0,18,0,30,,2492,21,0,18,0
1500,'1',835,,4973,16,0,38 2 39,0,100,,4971,16,0,38 2 39,0,100,,4977,16,0,38 2 39,0,100,,4974,16,0,38 2 39,0,100,,4975,16,0,38 2 39,0,100,,4970,16,0,38 2 39,0,100,,4976,16,0,38 2 39,0,100,,2613,16,0,38 2 39,0,100,,4978,16,0,38 2 39,0,100,,2703,16,0,38 2 39,0,100,,4972,16,0,38 2 39,0,100,,3239,16,0,38 2 39,0
1500,'2',535,,1763,16,0,38 2 39,0,70,,4981,16,0,38 2 39,0,30,,4990,16,0,38 2 39,0,70,,888,16,0,38 2 39,0,30,,4985,16,0,38 2 39,0,70,,1324,16,0,38 2 39,0,30,,4988,16,0,38 2 39,0,70,,4980,16,0,38 2 39,0,30,,1742,16,0,38 2 39,0,100,,4991,16,0,38 2 39,0,100,,183,16,0,38 2 39,0,100,,3171,16,0,38 2 39,0,100,,3177,16,0,38 2 39,0,100,,2923,16,0,38 2 39,0,70,,4982,16,0,38 2 39,0,30,,3173,16,0,38 2 39,0,70,,3706,16,0,38 2 39,0,30,,4979,16,0,38 2 39,0,70,,4989,16,0,38 2 39,0,30,,4983,16,0,38 2 39,0,70,,4986,16,0,38 2 39,0,30,,4987,16,0,38 2 39,0,100,,4984,16,0,38 2 39,0
1500,'3',535,,5000,16,0,38 2 39,0,70,,5003,16,0,38 2 39,0,30,,4996,16,0,38 2 39,0,70,,629,16,0,38 2 39,0,30,,5004,16,0,38 2 39,0,70,,2597,16,0,38 2 39,0,30,,4993,16,0,38 2 39,0,70,,5002,16,0,38 2 39,0,30,,4997,16,0,38 2 39,0,100,,4995,16,0,38 2 39,0,100,,1495,16,0,38 2 39,0,100,,3571,16,0,38 2 39,0,100,,2825,16,0,38 2 39,0,100,,4999,16,0,38 2 39,0,70,,3102,16,0,38 2 39,0,30,,5001,16,0,38 2 39,0,70,,1881,16,0,38 2 39,0,30,,4998,16,0,38 2 39,0,70,,4992,16,0,38 2 39,0,30,,2346,16,0,38 2 39,0,70,,1635,16,0,38 2 39,0,30,,2432,16,0,38 2 39,0,100,,4994,16,0,38 2 39,0
1500,'4',535,,5013,16,0,38 2 39,0,70,,5016,16,0,38 2 39,0,30,,5009,16,0,38 2 39,0,70,,597,16,0,38 2 39,0,30,,5017,16,0,38 2 39,0,70,,2580,16,0,38 2 39,0,30,,5006,16,0,38 2 39,0,70,,5015,16,0,38 2 39,0,30,,5010,16,0,38 2 39,0,100,,5008,16,0,38 2 39,0,100,,1462,16,0,38 2 39,0,100,,3556,16,0,38 2 39,0,100,,2807,16,0,38 2 39,0,100,,5012,16,0,38 2 39,0,70,,3081,16,0,38 2 39,0,30,,5014,16,0,38 2 39,0,70,,1858,16,0,38 2 39,0,30,,5011,16,0,38 2 39,0,70,,5005,16,0,38 2 39,0,30,,2329,16,0,38 2 39,0,70,,1602,16,0,38 2 39,0,30,,2405,16,0,38 2 39,0,100,,5007,16,0,38 2 39,0
13400,'3',1539,,845,20,4,,0,6,,5252,20,4,,0
14101,'3',826,,5263,17,,,0
