201,'1',821,,431,23,0,18,0,30,,418,23,0,18,0,70,,427,23,0,18,0,30,,409,23,0,18,0,70,,412,23,0,18,0,30,,419,23,0,18,0,70,,411,23,0,18,0,30,,425,23,0,18,0,70,,416,23,0,18,0,30,,422,23,0,18,0,70,,414,23,0,18,0,30,,417,23,0,18,0,70,,415,23,0,18,0,30,,413,23,0,18,0,70,,428,23,0,18,0,30,,408,23,0,18,0,70,,430,23,0,18,0,30,,423,23,0,18,0,70,,420,23,0,18,0,30,,426,23,0,18,0,70,,424,23,0,18,0,30,,429,23,0,18,0,70,,421,23,0,18,0,30,,410,23,0,18,0
201,'2',521,,441,23,0,18,0,30,,457,23,0,18,0,70,,449,23,0,18,0,30,,437,23,0,18,0,70,,435,23,0,18,0,30,,461,23,0,18,0,70,,453,23,0,18,0,30,,459,23,0,18,0,70,,440,23,0,18,0,30,,450,23,0,18,0,70,,444,23,0,18,0,30,,452,23,0,18,0,70,,436,23,0,18,0,30,,448,23,0,18,0,70,,460,23,0,18,0,30,,464,23,0,18,0,70,,446,23,0,18,0,30,,458,23,0,18,0,70,,439,23,0,18,0,30,,447,23,0,18,0,70,,438,23,0,18,0,30,,466,23,0,18,0,70,,442,23,0,18,0,30,,451,23,0,18,0,70,,434,23,0,18,0,30,,445,23,0,18,0,70,,432,23,0,18,0,30,,467,23,0,18,0,70,,463,23,0,18,0,30,,433,23,0,18,0,70,,465,23,0,18,0,30,,443,23,0,18,0,70,,462,23,0,18,0,30,,454,23,0,18,0,70,,455,23,0,18,0,30,,456,23,0,18,0
201,'3',521,,496,23,0,18,0,30,,492,23,0,18,0,70,,481,23,0,18,0,30,,490,23,0,18,0,70,,472,23,0,18,0,30,,473,23,0,18,0,70,,497,23,0,18,0,30,,470,23,0,18,0,70,,476,23,0,18,0,30,,502,23,0,18,0,70,,495,23,0,18,0,30,,500,23,0,18,0,70,,501,23,0,18,0,30,,493,23,0,18,0,70,,489,23,0,18,0,30,,486,23,0,18,0,70,,468,23,0,18,0,30,,483,23,0,18,0,70,,480,23,0,18,0,30,,478,23,0,18,0,70,,494,23,0,18,0,30,,469,23,0,18,0,70,,487,23,0,18,0,30,,484,23,0,18,0,70,,471,23,0,18,0,30,,475,23,0,18,0,70,,491,23,0,18,0,30,,488,23,0,18,0,70,,474,23,0,18,0,30,,479,23,0,18,0,70,,482,23,0,18,0,30,,499,23,0,18,0,70,,485,23,0,18,0,30,,503,23,0,18,0,70,,477,23,0,18,0,30,,498,23,0,18,0
201,'4',521,,532,23,0,18,0,30,,528,23,0,18,0,70,,517,23,0,18,0,30,,526,23,0,18,0,70,,508,23,0,18,0,30,,509,23,0,18,0,70,,533,23,0,18,0,30,,506,23,0,18,0,70,,512,23,0,18,0,30,,538,23,0,18,0,70,,531,23,0,18,0,30,,536,23,0,18,0,70,,537,23,0,18,0,30,,529,23,0,18,0,70,,525,23,0,18,0,30,,522,23,0,18,0,70,,504,23,0,18,0,30,,519,23,0,18,0,70,,516,23,0,18,0,30,,514,23,0,18,0,70,,530,23,0,18,0,30,,505,23,0,18,0,70,,523,23,0,18,0,30,,520,23,0,18,0,70,,507,23,0,18,0,30,,511,23,0,18,0,70,,527,23,0,18,0,30,,524,23,0,18,0,70,,510,23,0,18,0,30,,515,23,0,18,0,70,,518,23,0,18,0,30,,535,23,0,18,0,70,,521,23,0,18,0,30,,539,23,0,18,0,70,,513,23,0,18,0,30,,534,23,0,18,0
1001,'1',851,,1090,8,0,33,0,100,,1088,8,0,33,0,100,,1092,8,0,33,0,100,,1093,8,0,33,0,100,,1099,8,0,33,0,100,,1098,8,0,33,0,100,,1096,8,0,33,0,100,,1091,8,0,33,0,100,,1089,8,0,33,0,100,,1095,8,0,33,0,100,,1094,8,0,33,0,100,,1097,8,0,33,0
1001,'2',521,,1106,8,0,33,0,30,,1112,8,0,33,0,70,,1110,8,0,33,0,30,,1122,8,0,33,0,70,,1126,8,0,33,0,30,,1111,8,0,33,0,70,,1105,8,0,33,0,30,,1115,8,0,33,0,70,,1102,8,0,33,0,30,,1121,8,0,33,0,70,,1129,8,0,33,0,30,,1101,8,0,33,0,70,,1123,8,0,33,0,30,,1114,8,0,33,0,70,,1128,8,0,33,0,30,,1118,8,0,33,0,70,,1119,8,0,33,0,30,,1116,8,0,33,0,70,,1104,8,0,33,0,30,,1103,8,0,33,0,70,,1124,8,0,33,0,30,,1120,8,0,33,0,70,,1100,8,0,33,0,30,,1108,8,0,33,0,70,,1117,8,0,33,0,30,,1109,8,0,33,0,70,,1113,8,0,33,0,30,,1127,8,0,33,0,70,,1107,8,0,33,0,30,,1125,8,0,33,0
1001,'3',521,,1131,8,0,33,0,30,,1152,8,0,33,0,70,,1153,8,0,33,0,30,,1138,8,0,33,0,70,,1146,8,0,33,0,30,,1140,8,0,33,0,70,,1137,8,0,33,0,30,,1130,8,0,33,0,70,,1144,8,0,33,0,30,,1150,8,0,33,0,70,,1139,8,0,33,0,30,,1158,8,0,33,0,70,,1156,8,0,33,0,30,,1135,8,0,33,0,70,,1134,8,0,33,0,30,,1141,8,0,33,0,70,,1149,8,0,33,0,30,,1151,8,0,33,0,70,,1143,8,0,33,0,30,,1155,8,0,33,0,70,,1142,8,0,33,0,30,,1157,8,0,33,0,70,,1136,8,0,33,0,30,,1147,8,0,33,0,70,,1132,8,0,33,0,30,,1148,8,0,33,0,70,,1145,8,0,33,0,30,,1159,8,0,33,0,70,,1154,8,0,33,0,30,,1133,8,0,33,0
1001,'4',521,,1161,8,0,33,0,30,,1182,8,0,33,0,70,,1183,8,0,33,0,30,,1168,8,0,33,0,70,,1176,8,0,33,0,30,,1170,8,0,33,0,70,,1167,8,0,33,0,30,,1160,8,0,33,0,70,,1174,8,0,33,0,30,,1180,8,0,33,0,70,,1169,8,0,33,0,30,,1188,8,0,33,0,70,,1186,8,0,33,0,30,,1165,8,0,33,0,70,,1164,8,0,33,0,30,,1171,8,0,33,0,70,,1179,8,0,33,0,30,,1181,8,0,33,0,70,,1173,8,0,33,0,30,,1185,8,0,33,0,70,,1172,8,0,33,0,30,,1187,8,0,33,0,70,,1166,8,0,33,0,30,,1177,8,0,33,0,70,,1162,8,0,33,0,30,,1178,8,0,33,0,70,,1175,8,0,33,0,30,,1189,8,0,33,0,70,,1184,8,0,33,0,30,,1163,8,0,33,0
11101,'3',747,,2250,12,,,0
12001,'3',824,,2256,2,0,28 29,0
13501,'3',751,,2280,18,,,0
14000,'3',1552,,2289,2,0,25,0
14300,'3',1554,,2296,2,0,76 77 10 11 32 3 26 27,0
14400,'3',1602,,2298,9,0,78 26 87 79 33,0
