201,'1',824,,2536,27,0,18,0,30,,4076,27,0,18,0,70,,4077,27,0,18,0,30,,4083,27,0,18,0,70,,4082,27,0,18,0,30,,4078,27,0,18,0,70,,2773,27,0,18,0,30,,4079,27,0,18,0,70,,4088,27,0,18,0,30,,4086,27,0,18,0,70,,4090,27,0,18,0,30,,2442,27,0,18,0,70,,4089,27,0,18,0,30,,4081,27,0,18,0,70,,4087,27,0,18,0,30,,4084,27,0,18,0,70,,4085,27,0,18,0,30,,3574,27,0,18,0,70,,2620,27,0,18,0,30,,4091,27,0,18,0,70,,4075,27,0,18,0,30,,4080,27,0,18,0,70,,4092,27,0,18,0,30,,4093,27,0,18,0
201,'2',524,,4110,27,0,18,0,30,,4112,27,0,18,0,70,,3711,27,0,18,0,30,,3532,27,0,18,0,70,,1013,27,0,18,0,30,,2466,27,0,18,0,70,,1827,27,0,18,0,30,,4099,27,0,18,0,70,,4107,27,0,18,0,30,,4116,27,0,18,0,70,,4106,27,0,18,0,30,,4115,27,0,18,0,70,,4109,27,0,18,0,30,,4113,27,0,18,0,70,,2793,27,0,18,0,30,,4102,27,0,18,0,70,,1744,27,0,18,0,30,,1670,27,0,18,0,70,,4108,27,0,18,0,30,,4104,27,0,18,0,70,,4114,27,0,18,0,30,,3704,27,0,18,0,70,,4101,27,0,18,0,30,,1124,27,0,18,0,70,,4100,27,0,18,0,30,,4095,27,0,18,0,70,,4097,27,0,18,0,30,,4094,27,0,18,0,70,,4098,27,0,18,0,30,,4105,27,0,18,0,70,,4118,27,0,18,0,30,,4117,27,0,18,0,70,,4103,27,0,18,0,30,,4096,27,0,18,0,70,,4111,27,0,18,0,30,,3127,27,0,18,0
201,'3',524,,4142,27,0,18,0,30,,3023,27,0,18,0,70,,4123,27,0,18,0,30,,4130,27,0,18,0,70,,2898,27,0,18,0,30,,4124,27,0,18,0,70,,4138,27,0,18,0,30,,1626,27,0,18,0,70,,252,27,0,18,0,30,,4134,27,0,18,0,70,,3507,27,0,18,0,30,,4132,27,0,18,0,70,,4137,27,0,18,0,30,,4136,27,0,18,0,70,,4143,27,0,18,0,30,,4135,27,0,18,0,70,,4120,27,0,18,0,30,,3564,27,0,18,0,70,,2504,27,0,18,0,30,,4141,27,0,18,0,70,,4139,27,0,18,0,30,,4131,27,0,18,0,70,,4140,27,0,18,0,30,,4119,27,0,18,0,70,,3619,27,0,18,0,30,,4133,27,0,18,0,70,,3753,27,0,18,0,30,,4128,27,0,18,0,70,,4129,27,0,18,0,30,,4127,27,0,18,0,70,,4125,27,0,18,0,30,,4122,27,0,18,0,70,,4126,27,0,18,0,30,,4121,27,0,18,0,70,,3016,27,0,18,0,30,,2513,27,0,18,0
201,'4',524,,4165,27,0,18,0,30,,3004,27,0,18,0,70,,4148,27,0,18,0,30,,4154,27,0,18,0,70,,2881,27,0,18,0,30,,3766,27,0,18,0,70,,4161,27,0,18,0,30,,1593,27,0,18,0,70,,214,27,0,18,0,30,,4158,27,0,18,0,70,,3493,27,0,18,0,30,,4156,27,0,18,0,70,,3777,27,0,18,0,30,,4160,27,0,18,0,70,,4166,27,0,18,0,30,,4159,27,0,18,0,70,,4145,27,0,18,0,30,,3549,27,0,18,0,70,,2483,27,0,18,0,30,,4164,27,0,18,0,70,,4162,27,0,18,0,30,,4155,27,0,18,0,70,,4163,27,0,18,0,30,,4144,27,0,18,0,70,,3601,27,0,18,0,30,,4157,27,0,18,0,70,,3736,27,0,18,0,30,,4152,27,0,18,0,70,,4153,27,0,18,0,30,,4151,27,0,18,0,70,,4149,27,0,18,0,30,,4147,27,0,18,0,70,,4150,27,0,18,0,30,,4146,27,0,18,0,70,,2997,27,0,18,0,30,,2492,27,0,18,0
1000,'1',830,,4448,15,0,32,0,100,,3577,15,0,32,0,100,,4446,15,0,32,0,100,,4444,15,0,32,0,100,,4451,15,0,32,0,100,,4449,15,0,32,0,100,,4445,15,0,32,0,100,,4453,15,0,32,0,100,,2457,15,0,32,0,100,,4447,15,0,32,0,100,,4452,15,0,32,0,100,,4450,15,0,32,0
1000,'2',530,,4468,15,0,32,0,70,,4463,15,0,32,0,30,,2381,15,0,32,0,70,,4465,15,0,32,0,30,,1753,15,0,32,0,70,,1007,15,0,32,0,30,,4454,15,0,32,0,70,,899,15,0,32,0,30,,4473,15,0,32,0,70,,3128,15,0,32,0,30,,4456,15,0,32,0,70,,1996,15,0,32,0,30,,4462,15,0,32,0,70,,4459,15,0,32,0,30,,2459,15,0,32,0,70,,4458,15,0,32,0,30,,4457,15,0,32,0,70,,4471,15,0,32,0,30,,4464,15,0,32,0,70,,2646,15,0,32,0,30,,4455,15,0,32,0,70,,4460,15,0,32,0,30,,195,15,0,32,0,70,,4467,15,0,32,0,30,,4469,15,0,32,0,70,,3270,15,0,32,0,30,,4461,15,0,32,0,70,,4472,15,0,32,0,30,,4466,15,0,32,0,70,,448,15,0,32,0
1000,'3',530,,4491,15,0,32,0,70,,2764,15,0,32,0,30,,4495,15,0,32,0,70,,4488,15,0,32,0,30,,4483,15,0,32,0,70,,4480,15,0,32,0,30,,3029,15,0,32,0,70,,4475,15,0,32,0,30,,4485,15,0,32,0,70,,4478,15,0,32,0,30,,4489,15,0,32,0,70,,3097,15,0,32,0,30,,4481,15,0,32,0,70,,4484,15,0,32,0,30,,4487,15,0,32,0,70,,2055,15,0,32,0,30,,4476,15,0,32,0,70,,3159,15,0,32,0,30,,2591,15,0,32,0,70,,4479,15,0,32,0,30,,4492,15,0,32,0,70,,4493,15,0,32,0,30,,4477,15,0,32,0,70,,1066,15,0,32,0,30,,4490,15,0,32,0,70,,3210,15,0,32,0,30,,4482,15,0,32,0,70,,4474,15,0,32,0,30,,383,15,0,32,0,70,,4486,15,0,32,0
1000,'4',530,,4513,15,0,32,0,70,,2743,15,0,32,0,30,,4516,15,0,32,0,70,,4510,15,0,32,0,30,,4505,15,0,32,0,70,,4502,15,0,32,0,30,,3009,15,0,32,0,70,,4497,15,0,32,0,30,,4507,15,0,32,0,70,,4500,15,0,32,0,30,,4511,15,0,32,0,70,,3077,15,0,32,0,30,,4503,15,0,32,0,70,,4506,15,0,32,0,30,,4509,15,0,32,0,70,,2025,15,0,32,0,30,,4498,15,0,32,0,70,,3144,15,0,32,0,30,,2574,15,0,32,0,70,,4501,15,0,32,0,30,,4514,15,0,32,0,70,,4515,15,0,32,0,30,,4499,15,0,32,0,70,,1035,15,0,32,0,30,,4512,15,0,32,0,70,,2309,15,0,32,0,30,,4504,15,0,32,0,70,,4496,15,0,32,0,30,,346,15,0,32,0,70,,4508,15,0,32,0
12000,'3',1607,,5236,12,0,25 26 3 27 16,0
12001,'3',833,,3209,10,0,27 28,0
15001,'3',752,,5270,7,,,0,70,,1188,7,,,0,30,,5271,7,,,0
