100,'1',528,,1027,16,4,,0,30,,334,16,4,,0,70,,497,16,4,,0,30,,588,16,4,,0,70,,2327,16,4,,0,30,,1233,16,4,,0,70,,1342,16,4,,0,30,,2314,16,4,,0,70,,2146,16,4,,0,30,,2320,16,4,,0,70,,2326,16,4,,0,30,,2329,16,4,,0,70,,2318,16,4,,0,30,,1028,16,4,,0,70,,2319,16,4,,0,30,,1330,16,4,,0,70,,1476,16,4,,0,30,,2325,16,4,,0,70,,2321,16,4,,0,30,,923,16,4,,0,70,,2330,16,4,,0,30,,1864,16,4,,0,70,,1343,16,4,,0,30,,1592,16,4,,0,70,,2289,16,4,,0,30,,1155,16,4,,0,70,,2316,16,4,,0,30,,2315,16,4,,0,70,,2317,16,4,,0,30,,2328,16,4,,0,70,,2323,16,4,,0,30,,1334,16,4,,0,70,,95,16,4,,0,30,,1247,16,4,,0,70,,2324,16,4,,0,30,,2322,16,4,,0
100,'2',528,,1058,16,4,,0,30,,371,16,4,,0,70,,533,16,4,,0,30,,620,16,4,,0,70,,2344,16,4,,0,30,,1262,16,4,,0,70,,1371,16,4,,0,30,,2331,16,4,,0,70,,2176,16,4,,0,30,,2337,16,4,,0,70,,2343,16,4,,0,30,,2346,16,4,,0,70,,2335,16,4,,0,30,,1059,16,4,,0,70,,2336,16,4,,0,30,,1359,16,4,,0,70,,1509,16,4,,0,30,,2342,16,4,,0,70,,2338,16,4,,0,30,,957,16,4,,0,70,,2347,16,4,,0,30,,1887,16,4,,0,70,,1372,16,4,,0,30,,1625,16,4,,0,70,,2348,16,4,,0,30,,1185,16,4,,0,70,,2333,16,4,,0,30,,2332,16,4,,0,70,,2334,16,4,,0,30,,2345,16,4,,0,70,,2340,16,4,,0,30,,1363,16,4,,0,70,,132,16,4,,0,30,,1276,16,4,,0,70,,2341,16,4,,0,30,,2339,16,4,,0
100,'3',828,,2354,16,4,,0,30,,2359,16,4,,0,70,,2351,16,4,,0,30,,1737,16,4,,0,70,,2350,16,4,,0,30,,2353,16,4,,0,70,,2362,16,4,,0,30,,2363,16,4,,0,70,,2365,16,4,,0,30,,1903,16,4,,0,70,,2355,16,4,,0,30,,2364,16,4,,0,70,,2356,16,4,,0,30,,1192,16,4,,0,70,,2360,16,4,,0,30,,871,16,4,,0,70,,2358,16,4,,0,30,,2361,16,4,,0,70,,1729,16,4,,0,30,,2357,16,4,,0,70,,1527,16,4,,0,30,,2349,16,4,,0,70,,2352,16,4,,0
100,'4',528,,566,16,4,,0,30,,2375,16,4,,0,70,,1112,16,4,,0,30,,2377,16,4,,0,70,,2387,16,4,,0,30,,2373,16,4,,0,70,,459,16,4,,0,30,,1907,16,4,,0,70,,2368,16,4,,0,30,,2383,16,4,,0,70,,2381,16,4,,0,30,,2380,16,4,,0,70,,1115,16,4,,0,30,,2111,16,4,,0,70,,1221,16,4,,0,30,,2099,16,4,,0,70,,37,16,4,,0,30,,2370,16,4,,0,70,,2369,16,4,,0,30,,183,16,4,,0,70,,2376,16,4,,0,30,,2379,16,4,,0,70,,2384,16,4,,0,30,,2374,16,4,,0,70,,2367,16,4,,0,30,,2372,16,4,,0,70,,2378,16,4,,0,30,,1999,16,4,,0,70,,797,16,4,,0,30,,1826,16,4,,0,70,,2366,16,4,,0,30,,2386,16,4,,0,70,,2371,16,4,,0,30,,48,16,4,,0,70,,2385,16,4,,0,30,,435,16,4,,0
201,'1',503,,1032,1,0,18,0,30,,2575,1,0,18,0,70,,351,1,0,18,0,30,,2582,1,0,18,0,70,,814,1,0,18,0,30,,2572,1,0,18,0,70,,2190,1,0,18,0,30,,2578,1,0,18,0,70,,1159,1,0,18,0,30,,2581,1,0,18,0,70,,2586,1,0,18,0,30,,1249,1,0,18,0,70,,2576,1,0,18,0,30,,87,1,0,18,0,70,,2570,1,0,18,0,30,,1787,1,0,18,0,70,,715,1,0,18,0,30,,232,1,0,18,0,70,,1130,1,0,18,0,30,,2571,1,0,18,0,70,,1457,1,0,18,0,30,,811,1,0,18,0,70,,2583,1,0,18,0,30,,2574,1,0,18,0,70,,2577,1,0,18,0,30,,1331,1,0,18,0,70,,93,1,0,18,0,30,,1347,1,0,18,0,70,,2579,1,0,18,0,30,,2132,1,0,18,0,70,,2580,1,0,18,0,30,,501,1,0,18,0,70,,2573,1,0,18,0,30,,2585,1,0,18,0,70,,2584,1,0,18,0,30,,1132,1,0,18,0
201,'2',503,,1063,1,0,18,0,30,,2592,1,0,18,0,70,,388,1,0,18,0,30,,2599,1,0,18,0,70,,848,1,0,18,0,30,,2589,1,0,18,0,70,,2215,1,0,18,0,30,,2595,1,0,18,0,70,,1189,1,0,18,0,30,,2598,1,0,18,0,70,,2603,1,0,18,0,30,,1278,1,0,18,0,70,,2593,1,0,18,0,30,,124,1,0,18,0,70,,2587,1,0,18,0,30,,1812,1,0,18,0,70,,749,1,0,18,0,30,,270,1,0,18,0,70,,1160,1,0,18,0,30,,2588,1,0,18,0,70,,1490,1,0,18,0,30,,845,1,0,18,0,70,,2600,1,0,18,0,30,,2591,1,0,18,0,70,,2594,1,0,18,0,30,,1360,1,0,18,0,70,,130,1,0,18,0,30,,1376,1,0,18,0,70,,2596,1,0,18,0,30,,2162,1,0,18,0,70,,2597,1,0,18,0,30,,537,1,0,18,0,70,,2590,1,0,18,0,30,,2602,1,0,18,0,70,,2601,1,0,18,0,30,,1162,1,0,18,0
201,'3',803,,2611,1,0,18,0,30,,2607,1,0,18,0,70,,2620,1,0,18,0,30,,2625,1,0,18,0,70,,2606,1,0,18,0,30,,2619,1,0,18,0,70,,655,1,0,18,0,30,,2613,1,0,18,0,70,,2617,1,0,18,0,30,,2604,1,0,18,0,70,,2618,1,0,18,0,30,,2609,1,0,18,0,70,,2608,1,0,18,0,30,,2624,1,0,18,0,70,,2621,1,0,18,0,30,,2622,1,0,18,0,70,,762,1,0,18,0,30,,2605,1,0,18,0,70,,2610,1,0,18,0,30,,2615,1,0,18,0,70,,2612,1,0,18,0,30,,2614,1,0,18,0,70,,2623,1,0,18,0,30,,2616,1,0,18,0
201,'4',503,,2646,1,0,18,0,30,,2637,1,0,18,0,70,,2632,1,0,18,0,30,,1753,1,0,18,0,70,,1989,1,0,18,0,30,,2636,1,0,18,0,70,,436,1,0,18,0,30,,2631,1,0,18,0,70,,2627,1,0,18,0,30,,2638,1,0,18,0,70,,2626,1,0,18,0,30,,2633,1,0,18,0,70,,195,1,0,18,0,30,,2629,1,0,18,0,70,,2645,1,0,18,0,30,,1914,1,0,18,0,70,,2630,1,0,18,0,30,,2635,1,0,18,0,70,,2643,1,0,18,0,30,,2644,1,0,18,0,70,,1843,1,0,18,0,30,,2648,1,0,18,0,70,,888,1,0,18,0,30,,909,1,0,18,0,70,,571,1,0,18,0,30,,43,1,0,18,0,70,,2628,1,0,18,0,30,,2641,1,0,18,0,70,,2642,1,0,18,0,30,,1209,1,0,18,0,70,,2634,1,0,18,0,30,,2639,1,0,18,0,70,,787,1,0,18,0,30,,1837,1,0,18,0,70,,2647,1,0,18,0,30,,2640,1,0,18,0
1901,'1',630,,2295,1,,,0,19,,2295,24,4,,0,1,,471,1,,,0,59,,471,24,4,,0,11,,3757,1,,,0,19,,3757,24,4,,0,11,,3758,1,,,0,59,,3758,24,4,,0,726,,220,1,,,0,19,,220,24,4,,0,51,,1598,1,,,0,19,,1598,24,4,,0,11,,695,1,,,0,19,,695,24,4,,0,51,,803,1,,,0,19,,803,24,4,,0
1901,'2',630,,3759,1,,,0,19,,3759,24,4,,0,1,,507,1,,,0,59,,507,24,4,,0,11,,3760,1,,,0,19,,3760,24,4,,0,11,,3761,1,,,0,59,,3761,24,4,,0,726,,258,1,,,0,19,,258,24,4,,0,51,,1631,1,,,0,19,,1631,24,4,,0,11,,729,1,,,0,19,,729,24,4,,0,51,,837,1,,,0,19,,837,24,4,,0
13801,'1',735,,1454,1,,,0
14100,'1',1605,,3785,9,,,0
