1800,'3',1716,,2180,2,0,45 46,0
1800,'4',1716,,2181,2,0,45 46,0
1801,'3',515,,2185,2,0,45 46,0,30,,2189,2,0,45 46,0,70,,2187,2,0,45 46,0,30,,2190,2,0,45 46,0,70,,2197,2,0,45 46,0,30,,2205,2,0,45 46,0,70,,2191,2,0,45 46,0,30,,2198,2,0,45 46,0,70,,2192,2,0,45 46,0,30,,2194,2,0,45 46,0,70,,2199,2,0,45 46,0,30,,2202,2,0,45 46,0,70,,2200,2,0,45 46,0,30,,2201,2,0,45 46,0,70,,2207,2,0,45 46,0,30,,2184,2,0,45 46,0,70,,2195,2,0,45 46,0,30,,2203,2,0,45 46,0,70,,2196,2,0,45 46,0,30,,2188,2,0,45 46,0,70,,2186,2,0,45 46,0,30,,2193,2,0,45 46,0,70,,2206,2,0,45 46,0,30,,2204,2,0,45 46,0
1801,'4',515,,2210,2,0,45 46,0,30,,2214,2,0,45 46,0,70,,2212,2,0,45 46,0,30,,2215,2,0,45 46,0,70,,2222,2,0,45 46,0,30,,2230,2,0,45 46,0,70,,2216,2,0,45 46,0,30,,2223,2,0,45 46,0,70,,2217,2,0,45 46,0,30,,2219,2,0,45 46,0,70,,2224,2,0,45 46,0,30,,2227,2,0,45 46,0,70,,2225,2,0,45 46,0,30,,2226,2,0,45 46,0,70,,2232,2,0,45 46,0,30,,2209,2,0,45 46,0,70,,2220,2,0,45 46,0,30,,2228,2,0,45 46,0,70,,2221,2,0,45 46,0,30,,2213,2,0,45 46,0,70,,2211,2,0,45 46,0,30,,2218,2,0,45 46,0,70,,2231,2,0,45 46,0,30,,2229,2,0,45 46,0
11100,'3',1455,,2249,1,,,0
11101,'3',800,,2250,22,4,,0
11200,'3',1455,,2251,1,0,45 81 82 49 50 3 26 37,0
11201,'3',805,,2252,30,4,,0
11300,'3',1455,,2253,1,,,0
11301,'3',805,,2254,20,4,,0
13301,'3',757,,2273,16,,,0
16001,'3',846,,2313,2,,,0
