400,'1',844,,4317,25,0,21 2 22 23,0,100,,4306,25,0,21 2 22 23,0,100,,4316,25,0,21 2 22 23,0,100,,2541,25,0,21 2 22 23,0,100,,4307,25,0,21 2 22 23,0,100,,4314,25,0,21 2 22 23,0,100,,4312,25,0,21 2 22 23,0,100,,4309,25,0,21 2 22 23,0,100,,4308,25,0,21 2 22 23,0,100,,4311,25,0,21 2 22 23,0,100,,4315,25,0,21 2 22 23,0,100,,4310,25,0,21 2 22 23,0
400,'2',544,,3713,25,0,21 2 22 23,0,70,,4335,25,0,21 2 22 23,0,30,,4319,25,0,21 2 22 23,0,70,,4337,25,0,21 2 22 23,0,30,,4318,25,0,21 2 22 23,0,70,,4331,25,0,21 2 22 23,0,30,,4328,25,0,21 2 22 23,0,70,,4338,25,0,21 2 22 23,0,30,,792,25,0,21 2 22 23,0,70,,4330,25,0,21 2 22 23,0,30,,2856,25,0,21 2 22 23,0,70,,4325,25,0,21 2 22 23,0,30,,4323,25,0,21 2 22 23,0,70,,669,25,0,21 2 22 23,0,30,,1321,25,0,21 2 22 23,0,70,,2560,25,0,21 2 22 23,0,30,,4333,25,0,21 2 22 23,0,70,,4320,25,0,21 2 22 23,0,30,,2915,25,0,21 2 22 23,0,70,,4322,25,0,21 2 22 23,0,30,,1848,25,0,21 2 22 23,0,70,,4326,25,0,21 2 22 23,0,30,,4329,25,0,21 2 22 23,0,70,,4334,25,0,21 2 22 23,0,30,,4336,25,0,21 2 22 23,0,70,,4327,25,0,21 2 22 23,0,30,,3593,25,0,21 2 22 23,0,70,,4321,25,0,21 2 22 23,0,30,,3178,25,0,21 2 22 23,0,70,,1758,25,0,21 2 22 23,0,100,,4332,25,0,21 2 22 23,0,100,,4324,25,0,21 2 22 23,0,100,,656,25,0,21 2 22 23,0
400,'3',544,,4351,25,0,21 2 22 23,0,70,,3514,25,0,21 2 22 23,0,30,,4346,25,0,21 2 22 23,0,70,,4356,25,0,21 2 22 23,0,30,,254,25,0,21 2 22 23,0,70,,2426,25,0,21 2 22 23,0,30,,4348,25,0,21 2 22 23,0,70,,4341,25,0,21 2 22 23,0,30,,3744,25,0,21 2 22 23,0,70,,4350,25,0,21 2 22 23,0,30,,4340,25,0,21 2 22 23,0,70,,4352,25,0,21 2 22 23,0,30,,2512,25,0,21 2 22 23,0,70,,4344,25,0,21 2 22 23,0,30,,1080,25,0,21 2 22 23,0,70,,4347,25,0,21 2 22 23,0,30,,2421,25,0,21 2 22 23,0,70,,4355,25,0,21 2 22 23,0,30,,3084,25,0,21 2 22 23,0,70,,253,25,0,21 2 22 23,0,30,,4353,25,0,21 2 22 23,0,70,,4357,25,0,21 2 22 23,0,30,,4345,25,0,21 2 22 23,0,70,,2331,25,0,21 2 22 23,0,30,,2217,25,0,21 2 22 23,0,70,,4339,25,0,21 2 22 23,0,30,,4354,25,0,21 2 22 23,0,70,,2827,25,0,21 2 22 23,0,30,,3025,25,0,21 2 22 23,0,70,,2348,25,0,21 2 22 23,0,100,,4349,25,0,21 2 22 23,0,100,,3452,25,0,21 2 22 23,0,100,,4342,25,0,21 2 22 23,0
400,'4',544,,4370,25,0,21 2 22 23,0,70,,3499,25,0,21 2 22 23,0,30,,4365,25,0,21 2 22 23,0,70,,4375,25,0,21 2 22 23,0,30,,216,25,0,21 2 22 23,0,70,,2400,25,0,21 2 22 23,0,30,,4367,25,0,21 2 22 23,0,70,,4360,25,0,21 2 22 23,0,30,,3727,25,0,21 2 22 23,0,70,,4369,25,0,21 2 22 23,0,30,,4359,25,0,21 2 22 23,0,70,,4371,25,0,21 2 22 23,0,30,,2491,25,0,21 2 22 23,0,70,,4363,25,0,21 2 22 23,0,30,,1049,25,0,21 2 22 23,0,70,,4366,25,0,21 2 22 23,0,30,,2395,25,0,21 2 22 23,0,70,,4374,25,0,21 2 22 23,0,30,,3066,25,0,21 2 22 23,0,70,,215,25,0,21 2 22 23,0,30,,4372,25,0,21 2 22 23,0,70,,4376,25,0,21 2 22 23,0,30,,4364,25,0,21 2 22 23,0,70,,2314,25,0,21 2 22 23,0,30,,2192,25,0,21 2 22 23,0,70,,4358,25,0,21 2 22 23,0,30,,4373,25,0,21 2 22 23,0,70,,2808,25,0,21 2 22 23,0,30,,3006,25,0,21 2 22 23,0,70,,2289,25,0,21 2 22 23,0,100,,4368,25,0,21 2 22 23,0,100,,3434,25,0,21 2 22 23,0,100,,4361,25,0,21 2 22 23,0
12100,'3',1610,,5237,21,4,,0
12101,'3',838,,5238,13,0,27 28,0
13700,'3',1548,,2066,26,0,100 10 11 31 3 27 16,0
13701,'3',747,,5257,14,0,33,0
14300,'3',1614,,5266,19,0,96 97 10 11 31 3 25 26,0
15200,'3',1610,,5273,28,4,,0
15201,'3',829,,5275,17,0,75 1 76,0
