401,'1',846,,4378,20,0,21 2 22 23,0,100,,4385,20,0,21 2 22 23,0,100,,1538,20,0,21 2 22 23,0,100,,4382,20,0,21 2 22 23,0,100,,4381,20,0,21 2 22 23,0,100,,4386,20,0,21 2 22 23,0,100,,4384,20,0,21 2 22 23,0,100,,4380,20,0,21 2 22 23,0,100,,4377,20,0,21 2 22 23,0,100,,2529,20,0,21 2 22 23,0,100,,4383,20,0,21 2 22 23,0
401,'2',516,,2866,2,0,21 2 22 23,0,30,,4395,20,0,21 2 22 23,0,70,,4401,20,0,21 2 22 23,0,30,,4389,20,0,21 2 22 23,0,70,,2863,20,0,21 2 22 23,0,30,,3541,20,0,21 2 22 23,0,70,,4391,20,0,21 2 22 23,0,30,,4399,20,0,21 2 22 23,0,70,,3645,20,0,21 2 22 23,0,30,,2105,20,0,21 2 22 23,0,70,,4404,20,0,21 2 22 23,0,30,,2709,20,0,21 2 22 23,0,70,,4402,20,0,21 2 22 23,0,30,,4390,20,0,21 2 22 23,0,70,,4392,20,0,21 2 22 23,0,30,,2640,20,0,21 2 22 23,0,70,,4403,20,0,21 2 22 23,0,30,,4387,20,0,21 2 22 23,0,70,,3355,20,0,21 2 22 23,0,30,,4393,20,0,21 2 22 23,0,70,,4405,20,0,21 2 22 23,0,30,,3274,20,0,21 2 22 23,0,70,,4397,20,0,21 2 22 23,0,30,,4407,20,0,21 2 22 23,0,70,,4396,20,0,21 2 22 23,0,30,,1663,20,0,21 2 22 23,0,70,,2638,20,0,21 2 22 23,0,30,,4388,20,0,21 2 22 23,0,70,,4398,20,0,21 2 22 23,0,100,,4394,20,0,21 2 22 23,0,100,,4400,20,0,21 2 22 23,0,100,,4406,20,0,21 2 22 23,0,100,,3482,20,0,21 2 22 23,0
401,'3',516,,4412,2,0,21 2 22 23,0,30,,2601,20,0,21 2 22 23,0,70,,4419,20,0,21 2 22 23,0,30,,4420,20,0,21 2 22 23,0,70,,1972,20,0,21 2 22 23,0,30,,394,20,0,21 2 22 23,0,70,,3683,20,0,21 2 22 23,0,30,,4413,20,0,21 2 22 23,0,70,,4424,20,0,21 2 22 23,0,30,,537,20,0,21 2 22 23,0,70,,4423,20,0,21 2 22 23,0,30,,860,20,0,21 2 22 23,0,70,,2895,20,0,21 2 22 23,0,30,,4408,20,0,21 2 22 23,0,70,,2164,20,0,21 2 22 23,0,30,,3453,20,0,21 2 22 23,0,70,,4422,20,0,21 2 22 23,0,30,,4421,20,0,21 2 22 23,0,70,,2072,20,0,21 2 22 23,0,30,,4415,20,0,21 2 22 23,0,70,,2333,20,0,21 2 22 23,0,30,,1189,20,0,21 2 22 23,0,70,,4418,20,0,21 2 22 23,0,30,,4417,20,0,21 2 22 23,0,70,,2437,20,0,21 2 22 23,0,30,,4411,20,0,21 2 22 23,0,70,,4416,20,0,21 2 22 23,0,30,,3087,20,0,21 2 22 23,0,70,,4410,20,0,21 2 22 23,0,100,,2899,20,0,21 2 22 23,0,100,,4414,20,0,21 2 22 23,0,100,,3615,20,0,21 2 22 23,0,100,,4425,20,0,21 2 22 23,0
401,'4',516,,4430,2,0,21 2 22 23,0,30,,2584,20,0,21 2 22 23,0,70,,4437,20,0,21 2 22 23,0,30,,4438,20,0,21 2 22 23,0,70,,1949,20,0,21 2 22 23,0,30,,357,20,0,21 2 22 23,0,70,,3666,20,0,21 2 22 23,0,30,,4431,20,0,21 2 22 23,0,70,,4442,20,0,21 2 22 23,0,30,,501,20,0,21 2 22 23,0,70,,4441,20,0,21 2 22 23,0,30,,826,20,0,21 2 22 23,0,70,,2878,20,0,21 2 22 23,0,30,,4426,20,0,21 2 22 23,0,70,,2134,20,0,21 2 22 23,0,30,,3435,20,0,21 2 22 23,0,70,,4440,20,0,21 2 22 23,0,30,,4439,20,0,21 2 22 23,0,70,,2042,20,0,21 2 22 23,0,30,,4433,20,0,21 2 22 23,0,70,,2316,20,0,21 2 22 23,0,30,,1159,20,0,21 2 22 23,0,70,,4436,20,0,21 2 22 23,0,30,,4435,20,0,21 2 22 23,0,70,,2410,20,0,21 2 22 23,0,30,,4429,20,0,21 2 22 23,0,70,,4434,20,0,21 2 22 23,0,30,,3069,20,0,21 2 22 23,0,70,,4428,20,0,21 2 22 23,0,100,,2882,20,0,21 2 22 23,0,100,,4432,20,0,21 2 22 23,0,100,,3597,20,0,21 2 22 23,0,100,,4443,20,0,21 2 22 23,0
1101,'1',815,,4640,2,0,5 2 6 7,0,100,,4645,2,0,5 2 6 7,0,100,,4643,2,0,5 2 6 7,0,100,,4641,2,0,5 2 6 7,0,100,,4646,2,0,5 2 6 7,0,100,,4639,2,0,5 2 6 7,0,100,,547,2,0,5 2 6 7,0,100,,4644,2,0,5 2 6 7,0,100,,4648,2,0,5 2 6 7,0,100,,4642,2,0,5 2 6 7,0,100,,3238,2,0,5 2 6 7,0,100,,4647,2,0,5 2 6 7,0
1101,'2',515,,4665,2,0,5 2 6 7,0,30,,2370,2,0,5 2 6 7,0,70,,4669,2,0,5 2 6 7,0,30,,778,2,0,5 2 6 7,0,70,,4659,2,0,5 2 6 7,0,30,,2784,2,0,5 2 6 7,0,70,,4662,2,0,5 2 6 7,0,30,,4649,2,0,5 2 6 7,0,70,,1216,2,0,5 2 6 7,0,30,,4668,2,0,5 2 6 7,0,70,,4653,2,0,5 2 6 7,0,30,,4651,2,0,5 2 6 7,0,70,,4650,2,0,5 2 6 7,0,30,,3058,2,0,5 2 6 7,0,70,,447,2,0,5 2 6 7,0,30,,4666,2,0,5 2 6 7,0,70,,4655,2,0,5 2 6 7,0,30,,4664,2,0,5 2 6 7,0,70,,4657,2,0,5 2 6 7,0,30,,4656,2,0,5 2 6 7,0,70,,4663,2,0,5 2 6 7,0,30,,4667,2,0,5 2 6 7,0,70,,4661,2,0,5 2 6 7,0,30,,4660,2,0,5 2 6 7,0,70,,3361,2,0,5 2 6 7,0,30,,3418,2,0,5 2 6 7,0,70,,4654,2,0,5 2 6 7,0,30,,4658,2,0,5 2 6 7,0,70,,4652,2,0,5 2 6 7,0
1101,'3',515,,4686,2,0,5 2 6 7,0,30,,4680,2,0,5 2 6 7,0,70,,379,2,0,5 2 6 7,0,30,,4682,2,0,5 2 6 7,0,70,,4674,2,0,5 2 6 7,0,30,,4683,2,0,5 2 6 7,0,70,,2517,2,0,5 2 6 7,0,30,,2436,2,0,5 2 6 7,0,70,,3158,2,0,5 2 6 7,0,30,,853,2,0,5 2 6 7,0,70,,4678,2,0,5 2 6 7,0,30,,4675,2,0,5 2 6 7,0,70,,4670,2,0,5 2 6 7,0,30,,4677,2,0,5 2 6 7,0,70,,3692,2,0,5 2 6 7,0,30,,4671,2,0,5 2 6 7,0,70,,1790,2,0,5 2 6 7,0,30,,4673,2,0,5 2 6 7,0,70,,4684,2,0,5 2 6 7,0,30,,4681,2,0,5 2 6 7,0,70,,4676,2,0,5 2 6 7,0,30,,2682,2,0,5 2 6 7,0,70,,4672,2,0,5 2 6 7,0,30,,3309,2,0,5 2 6 7,0,70,,4679,2,0,5 2 6 7,0,30,,3684,2,0,5 2 6 7,0,70,,3224,2,0,5 2 6 7,0,30,,4685,2,0,5 2 6 7,0,70,,2514,2,0,5 2 6 7,0
1101,'4',515,,4701,2,0,5 2 6 7,0,30,,4696,2,0,5 2 6 7,0,70,,342,2,0,5 2 6 7,0,30,,3791,2,0,5 2 6 7,0,70,,4691,2,0,5 2 6 7,0,30,,4698,2,0,5 2 6 7,0,70,,2496,2,0,5 2 6 7,0,30,,2409,2,0,5 2 6 7,0,70,,3143,2,0,5 2 6 7,0,30,,819,2,0,5 2 6 7,0,70,,4695,2,0,5 2 6 7,0,30,,4692,2,0,5 2 6 7,0,70,,4687,2,0,5 2 6 7,0,30,,4694,2,0,5 2 6 7,0,70,,3675,2,0,5 2 6 7,0,30,,4688,2,0,5 2 6 7,0,70,,1765,2,0,5 2 6 7,0,30,,4690,2,0,5 2 6 7,0,70,,4699,2,0,5 2 6 7,0,30,,4697,2,0,5 2 6 7,0,70,,4693,2,0,5 2 6 7,0,30,,2290,2,0,5 2 6 7,0,70,,4689,2,0,5 2 6 7,0,30,,3289,2,0,5 2 6 7,0,70,,1150,2,0,5 2 6 7,0,30,,3667,2,0,5 2 6 7,0,70,,3202,2,0,5 2 6 7,0,30,,4700,2,0,5 2 6 7,0,70,,2493,2,0,5 2 6 7,0
14001,'3',815,,5262,2,0,24,0
15001,'3',746,,5270,2,,,0,70,,1188,2,,,0,30,,5271,2,,,0
