400,'1',843,,4317,24,0,21 2 22 23,0,100,,4306,24,0,21 2 22 23,0,100,,4316,24,0,21 2 22 23,0,100,,2541,24,0,21 2 22 23,0,100,,4307,24,0,21 2 22 23,0,100,,4314,24,0,21 2 22 23,0,100,,4312,24,0,21 2 22 23,0,100,,4309,24,0,21 2 22 23,0,100,,4308,24,0,21 2 22 23,0,100,,4311,24,0,21 2 22 23,0,100,,4315,24,0,21 2 22 23,0,100,,4310,24,0,21 2 22 23,0
400,'2',543,,3713,24,0,21 2 22 23,0,70,,4335,24,0,21 2 22 23,0,30,,4319,24,0,21 2 22 23,0,70,,4337,24,0,21 2 22 23,0,30,,4318,24,0,21 2 22 23,0,70,,4331,24,0,21 2 22 23,0,30,,4328,24,0,21 2 22 23,0,70,,4338,24,0,21 2 22 23,0,30,,792,24,0,21 2 22 23,0,70,,4330,24,0,21 2 22 23,0,30,,2856,24,0,21 2 22 23,0,70,,4325,24,0,21 2 22 23,0,30,,4323,24,0,21 2 22 23,0,70,,669,24,0,21 2 22 23,0,30,,1321,24,0,21 2 22 23,0,70,,2560,24,0,21 2 22 23,0,30,,4333,24,0,21 2 22 23,0,70,,4320,24,0,21 2 22 23,0,30,,2915,24,0,21 2 22 23,0,70,,4322,24,0,21 2 22 23,0,30,,1848,24,0,21 2 22 23,0,70,,4326,24,0,21 2 22 23,0,30,,4329,24,0,21 2 22 23,0,70,,4334,24,0,21 2 22 23,0,30,,4336,24,0,21 2 22 23,0,70,,4327,24,0,21 2 22 23,0,30,,3593,24,0,21 2 22 23,0,70,,4321,24,0,21 2 22 23,0,30,,3178,24,0,21 2 22 23,0,70,,1758,24,0,21 2 22 23,0,100,,4332,24,0,21 2 22 23,0,100,,4324,24,0,21 2 22 23,0,100,,656,24,0,21 2 22 23,0
400,'3',543,,4351,24,0,21 2 22 23,0,70,,3514,24,0,21 2 22 23,0,30,,4346,24,0,21 2 22 23,0,70,,4356,24,0,21 2 22 23,0,30,,254,24,0,21 2 22 23,0,70,,2426,24,0,21 2 22 23,0,30,,4348,24,0,21 2 22 23,0,70,,4341,24,0,21 2 22 23,0,30,,3744,24,0,21 2 22 23,0,70,,4350,24,0,21 2 22 23,0,30,,4340,24,0,21 2 22 23,0,70,,4352,24,0,21 2 22 23,0,30,,2512,24,0,21 2 22 23,0,70,,4344,24,0,21 2 22 23,0,30,,1080,24,0,21 2 22 23,0,70,,4347,24,0,21 2 22 23,0,30,,2421,24,0,21 2 22 23,0,70,,4355,24,0,21 2 22 23,0,30,,3084,24,0,21 2 22 23,0,70,,253,24,0,21 2 22 23,0,30,,4353,24,0,21 2 22 23,0,70,,4357,24,0,21 2 22 23,0,30,,4345,24,0,21 2 22 23,0,70,,2331,24,0,21 2 22 23,0,30,,2217,24,0,21 2 22 23,0,70,,4339,24,0,21 2 22 23,0,30,,4354,24,0,21 2 22 23,0,70,,2827,24,0,21 2 22 23,0,30,,3025,24,0,21 2 22 23,0,70,,2348,24,0,21 2 22 23,0,100,,4349,24,0,21 2 22 23,0,100,,3452,24,0,21 2 22 23,0,100,,4342,24,0,21 2 22 23,0
400,'4',543,,4370,24,0,21 2 22 23,0,70,,3499,24,0,21 2 22 23,0,30,,4365,24,0,21 2 22 23,0,70,,4375,24,0,21 2 22 23,0,30,,216,24,0,21 2 22 23,0,70,,2400,24,0,21 2 22 23,0,30,,4367,24,0,21 2 22 23,0,70,,4360,24,0,21 2 22 23,0,30,,3727,24,0,21 2 22 23,0,70,,4369,24,0,21 2 22 23,0,30,,4359,24,0,21 2 22 23,0,70,,4371,24,0,21 2 22 23,0,30,,2491,24,0,21 2 22 23,0,70,,4363,24,0,21 2 22 23,0,30,,1049,24,0,21 2 22 23,0,70,,4366,24,0,21 2 22 23,0,30,,2395,24,0,21 2 22 23,0,70,,4374,24,0,21 2 22 23,0,30,,3066,24,0,21 2 22 23,0,70,,215,24,0,21 2 22 23,0,30,,4372,24,0,21 2 22 23,0,70,,4376,24,0,21 2 22 23,0,30,,4364,24,0,21 2 22 23,0,70,,2314,24,0,21 2 22 23,0,30,,2192,24,0,21 2 22 23,0,70,,4358,24,0,21 2 22 23,0,30,,4373,24,0,21 2 22 23,0,70,,2808,24,0,21 2 22 23,0,30,,3006,24,0,21 2 22 23,0,70,,2289,24,0,21 2 22 23,0,100,,4368,24,0,21 2 22 23,0,100,,3434,24,0,21 2 22 23,0,100,,4361,24,0,21 2 22 23,0
12100,'3',1609,,5237,20,0,27 28,0
12101,'3',837,,5238,12,0,27 28,0
13700,'3',1548,,2066,25,0,100 10 11 31 3 27 16,0
13701,'3',746,,5257,13,0,33,0
14300,'3',1613,,5266,18,0,96 97 10 11 31 3 25 26,0
15200,'3',1609,,5273,27,0,54 93 105 100 10 11,0
15201,'3',828,,5275,16,0,75 1 76,0
