100,'1',523,,1027,13,0,40 41 42 43,0,30,,334,13,0,40 41 42 43,0,70,,497,13,0,40 41 42 43,0,30,,588,13,0,40 41 42 43,0,70,,2327,13,0,40 41 42 43,0,30,,1233,13,0,40 41 42 43,0,70,,1342,13,0,40 41 42 43,0,30,,2314,13,0,40 41 42 43,0,70,,2146,13,0,40 41 42 43,0,30,,2320,13,0,40 41 42 43,0,70,,2326,13,0,40 41 42 43,0,30,,2329,13,0,40 41 42 43,0,70,,2318,13,0,40 41 42 43,0,30,,1028,13,0,40 41 42 43,0,70,,2319,13,0,40 41 42 43,0,30,,1330,13,0,40 41 42 43,0,70,,1476,13,0,40 41 42 43,0,30,,2325,13,0,40 41 42 43,0,70,,2321,13,0,40 41 42 43,0,30,,923,13,0,40 41 42 43,0,70,,2330,13,0,40 41 42 43,0,30,,1864,13,0,40 41 42 43,0,70,,1343,13,0,40 41 42 43,0,30,,1592,13,0,40 41 42 43,0,70,,2289,13,0,40 41 42 43,0,30,,1155,13,0,40 41 42 43,0,70,,2316,13,0,40 41 42 43,0,30,,2315,13,0,40 41 42 43,0,70,,2317,13,0,40 41 42 43,0,30,,2328,13,0,40 41 42 43,0,70,,2323,13,0,40 41 42 43,0,30,,1334,13,0,40 41 42 43,0,70,,95,13,0,40 41 42 43,0,30,,1247,13,0,40 41 42 43,0,70,,2324,13,0,40 41 42 43,0,30,,2322,13,0,40 41 42 43,0
100,'2',523,,1058,13,0,40 41 42 43,0,30,,371,13,0,40 41 42 43,0,70,,533,13,0,40 41 42 43,0,30,,620,13,0,40 41 42 43,0,70,,2344,13,0,40 41 42 43,0,30,,1262,13,0,40 41 42 43,0,70,,1371,13,0,40 41 42 43,0,30,,2331,13,0,40 41 42 43,0,70,,2176,13,0,40 41 42 43,0,30,,2337,13,0,40 41 42 43,0,70,,2343,13,0,40 41 42 43,0,30,,2346,13,0,40 41 42 43,0,70,,2335,13,0,40 41 42 43,0,30,,1059,13,0,40 41 42 43,0,70,,2336,13,0,40 41 42 43,0,30,,1359,13,0,40 41 42 43,0,70,,1509,13,0,40 41 42 43,0,30,,2342,13,0,40 41 42 43,0,70,,2338,13,0,40 41 42 43,0,30,,957,13,0,40 41 42 43,0,70,,2347,13,0,40 41 42 43,0,30,,1887,13,0,40 41 42 43,0,70,,1372,13,0,40 41 42 43,0,30,,1625,13,0,40 41 42 43,0,70,,2348,13,0,40 41 42 43,0,30,,1185,13,0,40 41 42 43,0,70,,2333,13,0,40 41 42 43,0,30,,2332,13,0,40 41 42 43,0,70,,2334,13,0,40 41 42 43,0,30,,2345,13,0,40 41 42 43,0,70,,2340,13,0,40 41 42 43,0,30,,1363,13,0,40 41 42 43,0,70,,132,13,0,40 41 42 43,0,30,,1276,13,0,40 41 42 43,0,70,,2341,13,0,40 41 42 43,0,30,,2339,13,0,40 41 42 43,0
100,'3',823,,2354,13,0,40 41 42 43,0,30,,2359,13,0,40 41 42 43,0,70,,2351,13,0,40 41 42 43,0,30,,1737,13,0,40 41 42 43,0,70,,2350,13,0,40 41 42 43,0,30,,2353,13,0,40 41 42 43,0,70,,2362,13,0,40 41 42 43,0,30,,2363,13,0,40 41 42 43,0,70,,2365,13,0,40 41 42 43,0,30,,1903,13,0,40 41 42 43,0,70,,2355,13,0,40 41 42 43,0,30,,2364,13,0,40 41 42 43,0,70,,2356,13,0,40 41 42 43,0,30,,1192,13,0,40 41 42 43,0,70,,2360,13,0,40 41 42 43,0,30,,871,13,0,40 41 42 43,0,70,,2358,13,0,40 41 42 43,0,30,,2361,13,0,40 41 42 43,0,70,,1729,13,0,40 41 42 43,0,30,,2357,13,0,40 41 42 43,0,70,,1527,13,0,40 41 42 43,0,30,,2349,13,0,40 41 42 43,0,70,,2352,13,0,40 41 42 43,0
100,'4',523,,566,13,0,40 41 42 43,0,30,,2375,13,0,40 41 42 43,0,70,,1112,13,0,40 41 42 43,0,30,,2377,13,0,40 41 42 43,0,70,,2387,13,0,40 41 42 43,0,30,,2373,13,0,40 41 42 43,0,70,,459,13,0,40 41 42 43,0,30,,1907,13,0,40 41 42 43,0,70,,2368,13,0,40 41 42 43,0,30,,2383,13,0,40 41 42 43,0,70,,2381,13,0,40 41 42 43,0,30,,2380,13,0,40 41 42 43,0,70,,1115,13,0,40 41 42 43,0,30,,2111,13,0,40 41 42 43,0,70,,1221,13,0,40 41 42 43,0,30,,2099,13,0,40 41 42 43,0,70,,37,13,0,40 41 42 43,0,30,,2370,13,0,40 41 42 43,0,70,,2369,13,0,40 41 42 43,0,30,,183,13,0,40 41 42 43,0,70,,2376,13,0,40 41 42 43,0,30,,2379,13,0,40 41 42 43,0,70,,2384,13,0,40 41 42 43,0,30,,2374,13,0,40 41 42 43,0,70,,2367,13,0,40 41 42 43,0,30,,2372,13,0,40 41 42 43,0,70,,2378,13,0,40 41 42 43,0,30,,1999,13,0,40 41 42 43,0,70,,797,13,0,40 41 42 43,0,30,,1826,13,0,40 41 42 43,0,70,,2366,13,0,40 41 42 43,0,30,,2386,13,0,40 41 42 43,0,70,,2371,13,0,40 41 42 43,0,30,,48,13,0,40 41 42 43,0,70,,2385,13,0,40 41 42 43,0,30,,435,13,0,40 41 42 43,0
1500,'1',539,,2142,22,0,38 2 39,0,70,,1451,22,0,38 2 39,0,30,,3497,22,0,38 2 39,0,70,,3494,22,0,38 2 39,0,30,,3501,22,0,38 2 39,0,70,,710,22,0,38 2 39,0,30,,3500,22,0,38 2 39,0,70,,3503,22,0,38 2 39,0,30,,3502,22,0,38 2 39,0,100,,1152,22,0,38 2 39,0,100,,1149,22,0,38 2 39,0,100,,3498,22,0,38 2 39,0,100,,924,22,0,38 2 39,0,100,,3495,22,0,38 2 39,0,70,,3493,22,0,38 2 39,0,30,,1142,22,0,38 2 39,0,70,,3499,22,0,38 2 39,0,30,,1043,22,0,38 2 39,0,70,,3490,22,0,38 2 39,0,30,,3496,22,0,38 2 39,0,70,,3492,22,0,38 2 39,0,30,,2293,22,0,38 2 39,0,100,,3491,22,0,38 2 39,0
1500,'2',539,,2172,22,0,38 2 39,0,70,,1484,22,0,38 2 39,0,30,,3512,22,0,38 2 39,0,70,,3508,22,0,38 2 39,0,30,,3516,22,0,38 2 39,0,70,,744,22,0,38 2 39,0,30,,3515,22,0,38 2 39,0,70,,3518,22,0,38 2 39,0,30,,3517,22,0,38 2 39,0,100,,1182,22,0,38 2 39,0,100,,1179,22,0,38 2 39,0,100,,3513,22,0,38 2 39,0,100,,958,22,0,38 2 39,0,100,,3509,22,0,38 2 39,0,70,,3507,22,0,38 2 39,0,30,,1172,22,0,38 2 39,0,70,,3514,22,0,38 2 39,0,30,,1074,22,0,38 2 39,0,70,,3504,22,0,38 2 39,0,30,,3511,22,0,38 2 39,0,70,,3506,22,0,38 2 39,0,30,,3510,22,0,38 2 39,0,100,,3505,22,0,38 2 39,0
1500,'3',839,,3526,22,0,38 2 39,0,100,,3527,22,0,38 2 39,0,100,,3520,22,0,38 2 39,0,100,,3522,22,0,38 2 39,0,100,,286,22,0,38 2 39,0,100,,1516,22,0,38 2 39,0,100,,3524,22,0,38 2 39,0,100,,3519,22,0,38 2 39,0,100,,3521,22,0,38 2 39,0,100,,3525,22,0,38 2 39,0,100,,278,22,0,38 2 39,0,100,,3523,22,0,38 2 39,0
1500,'4',539,,3540,22,0,38 2 39,0,70,,3528,22,0,38 2 39,0,30,,3533,22,0,38 2 39,0,70,,306,22,0,38 2 39,0,30,,574,22,0,38 2 39,0,70,,3539,22,0,38 2 39,0,30,,3538,22,0,38 2 39,0,70,,662,22,0,38 2 39,0,30,,3534,22,0,38 2 39,0,100,,1571,22,0,38 2 39,0,100,,3542,22,0,38 2 39,0,100,,3529,22,0,38 2 39,0,100,,3537,22,0,38 2 39,0,100,,3530,22,0,38 2 39,0,70,,3531,22,0,38 2 39,0,30,,788,22,0,38 2 39,0,70,,3532,22,0,38 2 39,0,30,,3536,22,0,38 2 39,0,70,,3541,22,0,38 2 39,0,30,,1430,22,0,38 2 39,0,70,,1845,22,0,38 2 39,0,30,,3535,22,0,38 2 39,0,100,,1208,22,0,38 2 39,0
1800,'1',1722,,3720,6,0,44 45,0
1800,'2',1722,,3721,6,0,44 45,0
1801,'1',522,,3730,7,0,44 45,0,30,,3728,7,0,44 45,0,70,,3727,7,0,44 45,0,30,,2261,7,0,44 45,0,70,,340,7,0,44 45,0,30,,3736,7,0,44 45,0,70,,2287,7,0,44 45,0,30,,3722,7,0,44 45,0,70,,3734,7,0,44 45,0,30,,3729,7,0,44 45,0,70,,3726,7,0,44 45,0,30,,2192,7,0,44 45,0,70,,3738,7,0,44 45,0,30,,609,7,0,44 45,0,70,,3725,7,0,44 45,0,30,,3737,7,0,44 45,0,70,,1945,7,0,44 45,0,30,,3731,7,0,44 45,0,70,,2032,7,0,44 45,0,30,,694,7,0,44 45,0,70,,3733,7,0,44 45,0,30,,599,7,0,44 45,0,70,,3735,7,0,44 45,0,30,,3724,7,0,44 45,0
1801,'2',522,,3748,7,0,44 45,0,30,,3746,7,0,44 45,0,70,,3744,7,0,44 45,0,30,,3756,7,0,44 45,0,70,,377,7,0,44 45,0,30,,3753,7,0,44 45,0,70,,3745,7,0,44 45,0,30,,3739,7,0,44 45,0,70,,3751,7,0,44 45,0,30,,3747,7,0,44 45,0,70,,3743,7,0,44 45,0,30,,2217,7,0,44 45,0,70,,3755,7,0,44 45,0,30,,641,7,0,44 45,0,70,,3742,7,0,44 45,0,30,,3754,7,0,44 45,0,70,,1968,7,0,44 45,0,30,,3749,7,0,44 45,0,70,,2062,7,0,44 45,0,30,,728,7,0,44 45,0,70,,3750,7,0,44 45,0,30,,631,7,0,44 45,0,70,,3752,7,0,44 45,0,30,,3741,7,0,44 45,0
13400,'1',1527,,1338,7,,,0,6,,479,7,,,0
14100,'1',1602,,3785,6,,,0
14200,'1',1610,,3788,15,0,50 103 104 53 3 38,0
