1001,'1',902,,4524,20,0,32,0,100,,4517,20,0,32,0,100,,4527,20,0,32,0,100,,4526,20,0,32,0,100,,4525,20,0,32,0,100,,4522,20,0,32,0,100,,4520,20,0,32,0,100,,4523,20,0,32,0,100,,4518,20,0,32,0,100,,4519,20,0,32,0,100,,2843,20,0,32,0,100,,4521,20,0,32,0
1001,'2',532,,4528,20,0,32,0,70,,4532,20,0,32,0,30,,2013,20,0,32,0,70,,2567,20,0,32,0,30,,4544,20,0,32,0,70,,4531,20,0,32,0,30,,2782,20,0,32,0,70,,4541,20,0,32,0,30,,4534,20,0,32,0,70,,4542,20,0,32,0,30,,1658,20,0,32,0,70,,4543,20,0,32,0,30,,3642,20,0,32,0,70,,794,20,0,32,0,30,,4535,20,0,32,0,70,,4529,20,0,32,0,30,,1106,20,0,32,0,70,,2914,20,0,32,0,30,,4536,20,0,32,0,70,,4533,20,0,32,0,30,,4539,20,0,32,0,70,,2982,20,0,32,0,30,,4540,20,0,32,0,70,,2921,20,0,32,0,30,,4538,20,0,32,0,70,,4537,20,0,32,0,30,,2555,20,0,32,0,70,,2376,20,0,32,0,30,,4530,20,0,32,0,70,,2631,20,0,32,0
1001,'3',532,,4548,20,0,32,0,70,,2949,20,0,32,0,30,,4554,20,0,32,0,70,,4558,20,0,32,0,30,,4555,20,0,32,0,70,,108,20,0,32,0,30,,4546,20,0,32,0,70,,4549,20,0,32,0,30,,4550,20,0,32,0,70,,861,20,0,32,0,30,,2950,20,0,32,0,70,,3565,20,0,32,0,30,,4552,20,0,32,0,70,,4547,20,0,32,0,30,,2511,20,0,32,0,70,,3512,20,0,32,0,30,,2672,20,0,32,0,70,,4551,20,0,32,0,30,,2755,20,0,32,0,70,,3760,20,0,32,0,30,,2341,20,0,32,0,70,,3305,20,0,32,0,30,,4545,20,0,32,0,70,,2754,20,0,32,0,30,,2509,20,0,32,0,70,,1063,20,0,32,0,30,,3562,20,0,32,0,70,,4557,20,0,32,0,30,,4553,20,0,32,0,70,,4556,20,0,32,0
1001,'4',532,,4562,20,0,32,0,70,,2933,20,0,32,0,30,,4568,20,0,32,0,70,,4572,20,0,32,0,30,,4569,20,0,32,0,70,,71,20,0,32,0,30,,4560,20,0,32,0,70,,4563,20,0,32,0,30,,4564,20,0,32,0,70,,827,20,0,32,0,30,,2934,20,0,32,0,70,,3550,20,0,32,0,30,,4566,20,0,32,0,70,,4561,20,0,32,0,30,,2490,20,0,32,0,70,,3497,20,0,32,0,30,,2649,20,0,32,0,70,,4565,20,0,32,0,30,,2734,20,0,32,0,70,,3757,20,0,32,0,30,,2324,20,0,32,0,70,,3285,20,0,32,0,30,,4559,20,0,32,0,70,,2733,20,0,32,0,30,,2488,20,0,32,0,70,,1032,20,0,32,0,30,,3547,20,0,32,0,70,,4571,20,0,32,0,30,,4567,20,0,32,0,70,,4570,20,0,32,0
13000,'3',1519,,5242,2,,,0,2,,5244,2,,,0,2,,5243,2,,,0
13100,'3',1524,,2948,2,,,0
13200,'3',1524,,5248,2,0,33,0
13300,'3',1524,,5249,2,,,0
13400,'3',1519,,845,2,,,0,5,,5252,2,,,0
13800,'3',1524,,5258,2,,,0
13900,'3',1525,,5260,2,,,0
