201,'1',824,,431,26,0,18,0,30,,418,26,0,18,0,70,,427,26,0,18,0,30,,409,26,0,18,0,70,,412,26,0,18,0,30,,419,26,0,18,0,70,,411,26,0,18,0,30,,425,26,0,18,0,70,,416,26,0,18,0,30,,422,26,0,18,0,70,,414,26,0,18,0,30,,417,26,0,18,0,70,,415,26,0,18,0,30,,413,26,0,18,0,70,,428,26,0,18,0,30,,408,26,0,18,0,70,,430,26,0,18,0,30,,423,26,0,18,0,70,,420,26,0,18,0,30,,426,26,0,18,0,70,,424,26,0,18,0,30,,429,26,0,18,0,70,,421,26,0,18,0,30,,410,26,0,18,0
201,'2',524,,441,26,0,18,0,30,,457,26,0,18,0,70,,449,26,0,18,0,30,,437,26,0,18,0,70,,435,26,0,18,0,30,,461,26,0,18,0,70,,453,26,0,18,0,30,,459,26,0,18,0,70,,440,26,0,18,0,30,,450,26,0,18,0,70,,444,26,0,18,0,30,,452,26,0,18,0,70,,436,26,0,18,0,30,,448,26,0,18,0,70,,460,26,0,18,0,30,,464,26,0,18,0,70,,446,26,0,18,0,30,,458,26,0,18,0,70,,439,26,0,18,0,30,,447,26,0,18,0,70,,438,26,0,18,0,30,,466,26,0,18,0,70,,442,26,0,18,0,30,,451,26,0,18,0,70,,434,26,0,18,0,30,,445,26,0,18,0,70,,432,26,0,18,0,30,,467,26,0,18,0,70,,463,26,0,18,0,30,,433,26,0,18,0,70,,465,26,0,18,0,30,,443,26,0,18,0,70,,462,26,0,18,0,30,,454,26,0,18,0,70,,455,26,0,18,0,30,,456,26,0,18,0
201,'3',524,,496,26,0,18,0,30,,492,26,0,18,0,70,,481,26,0,18,0,30,,490,26,0,18,0,70,,472,26,0,18,0,30,,473,26,0,18,0,70,,497,26,0,18,0,30,,470,26,0,18,0,70,,476,26,0,18,0,30,,502,26,0,18,0,70,,495,26,0,18,0,30,,500,26,0,18,0,70,,501,26,0,18,0,30,,493,26,0,18,0,70,,489,26,0,18,0,30,,486,26,0,18,0,70,,468,26,0,18,0,30,,483,26,0,18,0,70,,480,26,0,18,0,30,,478,26,0,18,0,70,,494,26,0,18,0,30,,469,26,0,18,0,70,,487,26,0,18,0,30,,484,26,0,18,0,70,,471,26,0,18,0,30,,475,26,0,18,0,70,,491,26,0,18,0,30,,488,26,0,18,0,70,,474,26,0,18,0,30,,479,26,0,18,0,70,,482,26,0,18,0,30,,499,26,0,18,0,70,,485,26,0,18,0,30,,503,26,0,18,0,70,,477,26,0,18,0,30,,498,26,0,18,0
201,'4',524,,532,26,0,18,0,30,,528,26,0,18,0,70,,517,26,0,18,0,30,,526,26,0,18,0,70,,508,26,0,18,0,30,,509,26,0,18,0,70,,533,26,0,18,0,30,,506,26,0,18,0,70,,512,26,0,18,0,30,,538,26,0,18,0,70,,531,26,0,18,0,30,,536,26,0,18,0,70,,537,26,0,18,0,30,,529,26,0,18,0,70,,525,26,0,18,0,30,,522,26,0,18,0,70,,504,26,0,18,0,30,,519,26,0,18,0,70,,516,26,0,18,0,30,,514,26,0,18,0,70,,530,26,0,18,0,30,,505,26,0,18,0,70,,523,26,0,18,0,30,,520,26,0,18,0,70,,507,26,0,18,0,30,,511,26,0,18,0,70,,527,26,0,18,0,30,,524,26,0,18,0,70,,510,26,0,18,0,30,,515,26,0,18,0,70,,518,26,0,18,0,30,,535,26,0,18,0,70,,521,26,0,18,0,30,,539,26,0,18,0,70,,513,26,0,18,0,30,,534,26,0,18,0
1000,'1',829,,993,14,0,33,0,100,,994,14,0,33,0,100,,990,14,0,33,0,100,,984,14,0,33,0,100,,992,14,0,33,0,100,,988,14,0,33,0,100,,987,14,0,33,0,100,,985,14,0,33,0,100,,989,14,0,33,0,100,,983,14,0,33,0,100,,991,14,0,33,0,100,,986,14,0,33,0
1000,'2',529,,999,14,0,33,0,30,,1000,14,0,33,0,70,,1025,14,0,33,0,30,,1018,14,0,33,0,70,,998,14,0,33,0,30,,1019,14,0,33,0,70,,1006,14,0,33,0,30,,1008,14,0,33,0,70,,1001,14,0,33,0,30,,1004,14,0,33,0,70,,1009,14,0,33,0,30,,996,14,0,33,0,70,,1016,14,0,33,0,30,,1003,14,0,33,0,70,,997,14,0,33,0,30,,1013,14,0,33,0,70,,1010,14,0,33,0,30,,1014,14,0,33,0,70,,1017,14,0,33,0,30,,1020,14,0,33,0,70,,1021,14,0,33,0,30,,1005,14,0,33,0,70,,1015,14,0,33,0,30,,1023,14,0,33,0,70,,1022,14,0,33,0,30,,1002,14,0,33,0,70,,1012,14,0,33,0,30,,1007,14,0,33,0,70,,995,14,0,33,0,30,,1024,14,0,33,0
1000,'3',529,,1049,14,0,33,0,30,,1026,14,0,33,0,70,,1048,14,0,33,0,30,,1035,14,0,33,0,70,,1047,14,0,33,0,30,,1039,14,0,33,0,70,,1051,14,0,33,0,30,,1037,14,0,33,0,70,,1055,14,0,33,0,30,,1054,14,0,33,0,70,,1036,14,0,33,0,30,,1052,14,0,33,0,70,,1029,14,0,33,0,30,,1027,14,0,33,0,70,,1053,14,0,33,0,30,,1045,14,0,33,0,70,,1046,14,0,33,0,30,,1050,14,0,33,0,70,,1043,14,0,33,0,30,,1028,14,0,33,0,70,,1032,14,0,33,0,30,,1040,14,0,33,0,70,,1038,14,0,33,0,30,,1034,14,0,33,0,70,,1031,14,0,33,0,30,,1056,14,0,33,0,70,,1041,14,0,33,0,30,,1030,14,0,33,0,70,,1042,14,0,33,0,30,,1033,14,0,33,0
1000,'4',529,,1080,14,0,33,0,30,,1057,14,0,33,0,70,,1079,14,0,33,0,30,,1066,14,0,33,0,70,,1078,14,0,33,0,30,,1070,14,0,33,0,70,,1082,14,0,33,0,30,,1068,14,0,33,0,70,,1086,14,0,33,0,30,,1085,14,0,33,0,70,,1067,14,0,33,0,30,,1083,14,0,33,0,70,,1060,14,0,33,0,30,,1058,14,0,33,0,70,,1084,14,0,33,0,30,,1076,14,0,33,0,70,,1077,14,0,33,0,30,,1081,14,0,33,0,70,,1074,14,0,33,0,30,,1059,14,0,33,0,70,,1063,14,0,33,0,30,,1071,14,0,33,0,70,,1069,14,0,33,0,30,,1065,14,0,33,0,70,,1062,14,0,33,0,30,,1087,14,0,33,0,70,,1072,14,0,33,0,30,,1061,14,0,33,0,70,,1073,14,0,33,0,30,,1064,14,0,33,0
11101,'3',749,,2250,15,,,0
12000,'3',1607,,2255,11,0,26 27 3 28 16,0
14000,'3',1556,,2289,5,0,25,0
