1501,'1',555,,3547,17,0,39 2 40,0,70,,3549,17,0,39 2 40,0,30,,488,17,0,39 2 40,0,70,,198,17,0,39 2 40,0,30,,482,17,0,39 2 40,0,70,,3546,17,0,39 2 40,0,30,,477,17,0,39 2 40,0,70,,2268,17,0,39 2 40,0,30,,3543,17,0,39 2 40,0,100,,3544,17,0,39 2 40,0,100,,3550,17,0,39 2 40,0,100,,3548,17,0,39 2 40,0,100,,3545,17,0,39 2 40,0,100,,3554,17,0,39 2 40,0,70,,3552,17,0,39 2 40,0,30,,3553,17,0,39 2 40,0,70,,1677,17,0,39 2 40,0,30,,1867,17,0,39 2 40,0,70,,1855,17,0,39 2 40,0,30,,3551,17,0,39 2 40,0,70,,3555,17,0,39 2 40,0,30,,3556,17,0,39 2 40,0,100,,2143,17,0,39 2 40,0
1501,'2',555,,3562,17,0,39 2 40,0,70,,3564,17,0,39 2 40,0,30,,524,17,0,39 2 40,0,70,,236,17,0,39 2 40,0,30,,518,17,0,39 2 40,0,70,,3561,17,0,39 2 40,0,30,,513,17,0,39 2 40,0,70,,3559,17,0,39 2 40,0,30,,3557,17,0,39 2 40,0,100,,3558,17,0,39 2 40,0,100,,3565,17,0,39 2 40,0,100,,3563,17,0,39 2 40,0,100,,3560,17,0,39 2 40,0,100,,3569,17,0,39 2 40,0,70,,3567,17,0,39 2 40,0,30,,3568,17,0,39 2 40,0,70,,1702,17,0,39 2 40,0,30,,1890,17,0,39 2 40,0,70,,1878,17,0,39 2 40,0,30,,3566,17,0,39 2 40,0,70,,3570,17,0,39 2 40,0,30,,3571,17,0,39 2 40,0,100,,2173,17,0,39 2 40,0
1501,'3',858,,3578,17,0,39 2 40,0,100,,1395,17,0,39 2 40,0,100,,3572,17,0,39 2 40,0,100,,3573,17,0,39 2 40,0,100,,3576,17,0,39 2 40,0,100,,1538,17,0,39 2 40,0,100,,3574,17,0,39 2 40,0,100,,3575,17,0,39 2 40,0,100,,3577,17,0,39 2 40,0,100,,1517,17,0,39 2 40,0,100,,3579,17,0,39 2 40,0,100,,1398,17,0,39 2 40,0
1501,'4',555,,3587,17,0,39 2 40,0,70,,3590,17,0,39 2 40,0,30,,3581,17,0,39 2 40,0,70,,3584,17,0,39 2 40,0,30,,573,17,0,39 2 40,0,70,,1929,17,0,39 2 40,0,30,,3593,17,0,39 2 40,0,70,,3580,17,0,39 2 40,0,30,,1321,17,0,39 2 40,0,100,,3582,17,0,39 2 40,0,100,,3583,17,0,39 2 40,0,100,,314,17,0,39 2 40,0,100,,678,17,0,39 2 40,0,100,,3596,17,0,39 2 40,0,70,,3594,17,0,39 2 40,0,30,,3585,17,0,39 2 40,0,70,,3586,17,0,39 2 40,0,30,,3591,17,0,39 2 40,0,70,,3595,17,0,39 2 40,0,30,,3592,17,0,39 2 40,0,70,,177,17,0,39 2 40,0,30,,3588,17,0,39 2 40,0,100,,3589,17,0,39 2 40,0
1601,'1',534,,3672,4,0,68 11,0,70,,3664,4,0,68 11,0,30,,3671,4,0,68 11,0,70,,3674,4,0,68 11,0,30,,3665,4,0,68 11,0,70,,1449,4,0,68 11,0,30,,3675,4,0,68 11,0,70,,3660,4,0,68 11,0,30,,1358,4,0,68 11,0,70,,3667,4,0,68 11,0,30,,2239,4,0,68 11,0,70,,1774,4,0,68 11,0,30,,3663,4,0,68 11,0,70,,3661,4,0,68 11,0,30,,3669,4,0,68 11,0,70,,3673,4,0,68 11,0,30,,3668,4,0,68 11,0,70,,1346,4,0,68 11,0,30,,3670,4,0,68 11,0,70,,492,4,0,68 11,0,30,,3662,4,0,68 11,0,70,,2273,4,0,68 11,0,30,,807,4,0,68 11,0,70,,228,4,0,68 11,0,30,,581,4,0,68 11,0,70,,943,4,0,68 11,0,30,,368,4,0,68 11,0,70,,1851,4,0,68 11,0,30,,3666,4,0,68 11,0,70,,342,4,0,68 11,0
1601,'2',534,,3689,4,0,68 11,0,70,,3681,4,0,68 11,0,30,,3688,4,0,68 11,0,70,,3691,4,0,68 11,0,30,,3682,4,0,68 11,0,70,,1482,4,0,68 11,0,30,,3692,4,0,68 11,0,70,,3676,4,0,68 11,0,30,,1387,4,0,68 11,0,70,,3684,4,0,68 11,0,30,,2247,4,0,68 11,0,70,,1799,4,0,68 11,0,30,,3680,4,0,68 11,0,70,,3677,4,0,68 11,0,30,,3686,4,0,68 11,0,70,,3690,4,0,68 11,0,30,,3685,4,0,68 11,0,70,,1375,4,0,68 11,0,30,,3687,4,0,68 11,0,70,,528,4,0,68 11,0,30,,3679,4,0,68 11,0,70,,3678,4,0,68 11,0,30,,841,4,0,68 11,0,70,,266,4,0,68 11,0,30,,613,4,0,68 11,0,70,,977,4,0,68 11,0,30,,405,4,0,68 11,0,70,,1874,4,0,68 11,0,30,,3683,4,0,68 11,0,70,,379,4,0,68 11,0
1601,'3',905,,3700,4,0,68 11,0,100,,3697,4,0,68 11,0,100,,3694,4,0,68 11,0,100,,3695,4,0,68 11,0,100,,3698,4,0,68 11,0,100,,3696,4,0,68 11,0,100,,3702,4,0,68 11,0,100,,3701,4,0,68 11,0,100,,3693,4,0,68 11,0,100,,3699,4,0,68 11,0,100,,1983,4,0,68 11,0,100,,547,4,0,68 11,0
1601,'4',534,,3717,4,0,68 11,0,70,,3718,4,0,68 11,0,30,,3704,4,0,68 11,0,70,,3716,4,0,68 11,0,30,,3710,4,0,68 11,0,70,,1000,4,0,68 11,0,30,,998,4,0,68 11,0,70,,3715,4,0,68 11,0,30,,1994,4,0,68 11,0,70,,3714,4,0,68 11,0,30,,188,4,0,68 11,0,70,,2090,4,0,68 11,0,30,,3707,4,0,68 11,0,70,,681,4,0,68 11,0,30,,460,4,0,68 11,0,70,,3719,4,0,68 11,0,30,,1436,4,0,68 11,0,70,,3713,4,0,68 11,0,30,,3703,4,0,68 11,0,70,,1848,4,0,68 11,0,30,,3709,4,0,68 11,0,70,,3712,4,0,68 11,0,30,,3706,4,0,68 11,0,70,,3708,4,0,68 11,0,30,,1421,4,0,68 11,0,70,,563,4,0,68 11,0,30,,1763,4,0,68 11,0,70,,1311,4,0,68 11,0,30,,3705,4,0,68 11,0,70,,3711,4,0,68 11,0
11201,'1',749,,1137,19,,,0
13201,'1',747,,2122,4,0,34,0
13901,'1',745,,3783,13,,,0
