300,'1',854,,547,0,67 2 66,0,100,,549,0,67 2 66,0,100,,546,0,67 2 66,0,100,,543,0,67 2 66,0,100,,542,0,67 2 66,0,100,,550,0,67 2 66,0,100,,541,0,67 2 66,0,100,,545,0,67 2 66,0,100,,544,0,67 2 66,0,100,,548,0,67 2 66,0,100,,540,0,67 2 66,0,100,,551,0,67 2 66,0
300,'2',554,,555,0,67 2 66,0,70,,561,0,67 2 66,0,30,,559,0,67 2 66,0,70,,565,0,67 2 66,0,30,,563,0,67 2 66,0,70,,557,0,67 2 66,0,30,,576,0,67 2 66,0,70,,554,0,67 2 66,0,30,,552,0,67 2 66,0,70,,564,0,67 2 66,0,30,,578,0,67 2 66,0,70,,568,0,67 2 66,0,30,,560,0,67 2 66,0,70,,567,0,67 2 66,0,100,,570,0,67 2 66,0,100,,558,0,67 2 66,0,100,,556,0,67 2 66,0,100,,571,0,67 2 66,0,30,,577,0,67 2 66,0,70,,553,0,67 2 66,0,30,,579,0,67 2 66,0,70,,572,0,67 2 66,0,30,,569,0,67 2 66,0,70,,566,0,67 2 66,0,30,,573,0,67 2 66,0,100,,562,0,67 2 66,0,100,,575,0,67 2 66,0,100,,574,0,67 2 66,0
300,'3',554,,593,0,67 2 66,0,70,,586,0,67 2 66,0,30,,588,0,67 2 66,0,70,,583,0,67 2 66,0,30,,595,0,67 2 66,0,70,,590,0,67 2 66,0,30,,609,0,67 2 66,0,70,,611,0,67 2 66,0,30,,582,0,67 2 66,0,70,,607,0,67 2 66,0,30,,584,0,67 2 66,0,70,,585,0,67 2 66,0,30,,596,0,67 2 66,0,70,,605,0,67 2 66,0,30,,610,0,67 2 66,0,70,,606,0,67 2 66,0,30,,598,0,67 2 66,0,70,,602,0,67 2 66,0,30,,604,0,67 2 66,0,70,,592,0,67 2 66,0,30,,608,0,67 2 66,0,70,,581,0,67 2 66,0,30,,603,0,67 2 66,0,70,,594,0,67 2 66,0,30,,587,0,67 2 66,0,70,,601,0,67 2 66,0,30,,600,0,67 2 66,0,70,,580,0,67 2 66,0,30,,589,0,67 2 66,0,100,,599,0,67 2 66,0,100,,597,0,67 2 66,0,100,,591,0,67 2 66,0
300,'4',554,,625,0,67 2 66,0,70,,618,0,67 2 66,0,30,,620,0,67 2 66,0,70,,615,0,67 2 66,0,30,,627,0,67 2 66,0,70,,622,0,67 2 66,0,30,,641,0,67 2 66,0,70,,643,0,67 2 66,0,30,,614,0,67 2 66,0,70,,639,0,67 2 66,0,30,,616,0,67 2 66,0,70,,617,0,67 2 66,0,30,,628,0,67 2 66,0,70,,637,0,67 2 66,0,30,,642,0,67 2 66,0,70,,638,0,67 2 66,0,30,,630,0,67 2 66,0,70,,634,0,67 2 66,0,30,,636,0,67 2 66,0,70,,624,0,67 2 66,0,30,,640,0,67 2 66,0,70,,613,0,67 2 66,0,30,,635,0,67 2 66,0,70,,626,0,67 2 66,0,30,,619,0,67 2 66,0,70,,633,0,67 2 66,0,30,,632,0,67 2 66,0,70,,612,0,67 2 66,0,30,,621,0,67 2 66,0,100,,631,0,67 2 66,0,100,,629,0,67 2 66,0,100,,623,0,67 2 66,0
301,'1',830,,653,0,67 2 66,0,100,,651,0,67 2 66,0,100,,646,0,67 2 66,0,100,,654,0,67 2 66,0,100,,647,0,67 2 66,0,100,,652,0,67 2 66,0,100,,648,0,67 2 66,0,100,,655,0,67 2 66,0,100,,649,0,67 2 66,0,100,,644,0,67 2 66,0,100,,645,0,67 2 66,0,100,,650,0,67 2 66,0
301,'2',530,,685,0,67 2 66,0,70,,683,0,67 2 66,0,30,,681,0,67 2 66,0,70,,664,0,67 2 66,0,30,,676,0,67 2 66,0,70,,682,0,67 2 66,0,30,,674,0,67 2 66,0,70,,659,0,67 2 66,0,30,,663,0,67 2 66,0,70,,656,0,67 2 66,0,30,,666,0,67 2 66,0,70,,673,0,67 2 66,0,30,,671,0,67 2 66,0,70,,675,0,67 2 66,0,100,,662,0,67 2 66,0,100,,669,0,67 2 66,0,100,,684,0,67 2 66,0,100,,680,0,67 2 66,0,30,,670,0,67 2 66,0,70,,661,0,67 2 66,0,30,,668,0,67 2 66,0,70,,660,0,67 2 66,0,30,,672,0,67 2 66,0,70,,667,0,67 2 66,0,30,,677,0,67 2 66,0,70,,679,0,67 2 66,0,30,,657,0,67 2 66,0,100,,665,0,67 2 66,0,100,,658,0,67 2 66,0,100,,678,0,67 2 66,0
301,'3',530,,687,0,67 2 66,0,70,,692,0,67 2 66,0,30,,695,0,67 2 66,0,70,,703,0,67 2 66,0,30,,700,0,67 2 66,0,70,,718,0,67 2 66,0,30,,708,0,67 2 66,0,70,,699,0,67 2 66,0,30,,698,0,67 2 66,0,70,,696,0,67 2 66,0,30,,688,0,67 2 66,0,70,,715,0,67 2 66,0,30,,691,0,67 2 66,0,70,,710,0,67 2 66,0,30,,711,0,67 2 66,0,70,,712,0,67 2 66,0,30,,689,0,67 2 66,0,70,,719,0,67 2 66,0,30,,704,0,67 2 66,0,70,,717,0,67 2 66,0,30,,690,0,67 2 66,0,70,,701,0,67 2 66,0,30,,702,0,67 2 66,0,70,,706,0,67 2 66,0,30,,714,0,67 2 66,0,70,,697,0,67 2 66,0,30,,713,0,67 2 66,0,70,,705,0,67 2 66,0,30,,694,0,67 2 66,0,70,,716,0,67 2 66,0,30,,686,0,67 2 66,0,100,,709,0,67 2 66,0,100,,707,0,67 2 66,0,100,,693,0,67 2 66,0
301,'4',530,,721,0,67 2 66,0,70,,726,0,67 2 66,0,30,,729,0,67 2 66,0,70,,737,0,67 2 66,0,30,,734,0,67 2 66,0,70,,752,0,67 2 66,0,30,,742,0,67 2 66,0,70,,733,0,67 2 66,0,30,,732,0,67 2 66,0,70,,730,0,67 2 66,0,30,,722,0,67 2 66,0,70,,749,0,67 2 66,0,30,,725,0,67 2 66,0,70,,744,0,67 2 66,0,30,,745,0,67 2 66,0,70,,746,0,67 2 66,0,30,,723,0,67 2 66,0,70,,753,0,67 2 66,0,30,,738,0,67 2 66,0,70,,751,0,67 2 66,0,30,,724,0,67 2 66,0,70,,735,0,67 2 66,0,30,,736,0,67 2 66,0,70,,740,0,67 2 66,0,30,,748,0,67 2 66,0,70,,731,0,67 2 66,0,30,,747,0,67 2 66,0,70,,739,0,67 2 66,0,30,,728,0,67 2 66,0,70,,750,0,67 2 66,0,30,,720,0,67 2 66,0,100,,743,0,67 2 66,0,100,,741,0,67 2 66,0,100,,727,0,67 2 66,0
1300,'1',854,,1642,0,65 11 2 66 2 21,0,100,,1640,0,65 11 2 66 2 21,0,100,,1645,0,65 11 2 66 2 21,0,100,,1646,0,65 11 2 66 2 21,0,100,,1647,0,65 11 2 66 2 21,0,100,,1644,0,65 11 2 66 2 21,0,100,,1649,0,65 11 2 66 2 21,0,100,,1643,0,65 11 2 66 2 21,0,100,,1651,0,65 11 2 66 2 21,0,100,,1650,0,65 11 2 66 2 21,0,100,,1641,0,65 11 2 66 2 21,0,100,,1648,0,65 11 2 66 2 21,0
1300,'2',524,,1676,0,65 11 2 66 2 21,0,30,,1654,0,65 11 2 66 2 21,0,70,,1663,0,65 11 2 66 2 21,0,30,,1673,0,65 11 2 66 2 21,0,70,,1669,0,65 11 2 66 2 21,0,30,,1652,0,65 11 2 66 2 21,0,70,,1659,0,65 11 2 66 2 21,0,30,,1667,0,65 11 2 66 2 21,0,70,,1670,0,65 11 2 66 2 21,0,30,,1658,0,65 11 2 66 2 21,0,70,,1657,0,65 11 2 66 2 21,0,100,,1655,0,65 11 2 66 2 21,0,100,,1666,0,65 11 2 66 2 21,0,100,,1664,0,65 11 2 66 2 21,0,100,,1671,0,65 11 2 66 2 21,0,100,,1665,0,65 11 2 66 2 21,0,30,,1661,0,65 11 2 66 2 21,0,70,,1668,0,65 11 2 66 2 21,0,30,,1672,0,65 11 2 66 2 21,0,70,,1660,0,65 11 2 66 2 21,0,30,,1675,0,65 11 2 66 2 21,0,70,,1653,0,65 11 2 66 2 21,0,30,,1662,0,65 11 2 66 2 21,0,70,,1656,0,65 11 2 66 2 21,0,30,,1674,0,65 11 2 66 2 21,0
1300,'3',524,,1679,0,65 11 2 66 2 21,0,30,,1696,0,65 11 2 66 2 21,0,70,,1700,0,65 11 2 66 2 21,0,30,,1684,0,65 11 2 66 2 21,0,70,,1692,0,65 11 2 66 2 21,0,30,,1693,0,65 11 2 66 2 21,0,70,,1689,0,65 11 2 66 2 21,0,30,,1680,0,65 11 2 66 2 21,0,70,,1682,0,65 11 2 66 2 21,0,30,,1699,0,65 11 2 66 2 21,0,70,,1698,0,65 11 2 66 2 21,0,100,,1701,0,65 11 2 66 2 21,0,100,,1681,0,65 11 2 66 2 21,0,100,,1697,0,65 11 2 66 2 21,0,100,,1683,0,65 11 2 66 2 21,0,100,,1677,0,65 11 2 66 2 21,0,30,,1686,0,65 11 2 66 2 21,0,70,,1688,0,65 11 2 66 2 21,0,30,,1695,0,65 11 2 66 2 21,0,70,,1694,0,65 11 2 66 2 21,0,30,,1690,0,65 11 2 66 2 21,0,70,,1678,0,65 11 2 66 2 21,0,30,,1691,0,65 11 2 66 2 21,0,70,,1687,0,65 11 2 66 2 21,0,30,,1685,0,65 11 2 66 2 21,0
1300,'4',524,,1704,0,65 11 2 66 2 21,0,30,,1721,0,65 11 2 66 2 21,0,70,,1725,0,65 11 2 66 2 21,0,30,,1709,0,65 11 2 66 2 21,0,70,,1717,0,65 11 2 66 2 21,0,30,,1718,0,65 11 2 66 2 21,0,70,,1714,0,65 11 2 66 2 21,0,30,,1705,0,65 11 2 66 2 21,0,70,,1707,0,65 11 2 66 2 21,0,30,,1724,0,65 11 2 66 2 21,0,70,,1723,0,65 11 2 66 2 21,0,100,,1726,0,65 11 2 66 2 21,0,100,,1706,0,65 11 2 66 2 21,0,100,,1722,0,65 11 2 66 2 21,0,100,,1708,0,65 11 2 66 2 21,0,100,,1702,0,65 11 2 66 2 21,0,30,,1711,0,65 11 2 66 2 21,0,70,,1713,0,65 11 2 66 2 21,0,30,,1720,0,65 11 2 66 2 21,0,70,,1719,0,65 11 2 66 2 21,0,30,,1715,0,65 11 2 66 2 21,0,70,,1703,0,65 11 2 66 2 21,0,30,,1716,0,65 11 2 66 2 21,0,70,,1712,0,65 11 2 66 2 21,0,30,,1710,0,65 11 2 66 2 21,0
1301,'1',830,,1733,0,65 11 2 66 2 21,0,100,,1738,0,65 11 2 66 2 21,0,100,,1727,0,65 11 2 66 2 21,0,100,,1729,0,65 11 2 66 2 21,0,100,,1735,0,65 11 2 66 2 21,0,100,,1730,0,65 11 2 66 2 21,0,100,,1736,0,65 11 2 66 2 21,0,100,,1732,0,65 11 2 66 2 21,0,100,,1728,0,65 11 2 66 2 21,0,100,,1737,0,65 11 2 66 2 21,0,100,,1731,0,65 11 2 66 2 21,0,100,,1734,0,65 11 2 66 2 21,0
1301,'2',530,,1757,0,65 11 2 66 2 21,0,70,,1755,0,65 11 2 66 2 21,0,30,,1760,0,65 11 2 66 2 21,0,70,,1761,0,65 11 2 66 2 21,0,30,,1758,0,65 11 2 66 2 21,0,70,,1739,0,65 11 2 66 2 21,0,30,,1751,0,65 11 2 66 2 21,0,70,,1748,0,65 11 2 66 2 21,0,30,,1745,0,65 11 2 66 2 21,0,70,,1754,0,65 11 2 66 2 21,0,100,,1742,0,65 11 2 66 2 21,0,100,,1749,0,65 11 2 66 2 21,0,100,,1746,0,65 11 2 66 2 21,0,100,,1753,0,65 11 2 66 2 21,0,100,,1740,0,65 11 2 66 2 21,0,30,,1752,0,65 11 2 66 2 21,0,70,,1741,0,65 11 2 66 2 21,0,30,,1743,0,65 11 2 66 2 21,0,70,,1759,0,65 11 2 66 2 21,0,30,,1744,0,65 11 2 66 2 21,0,70,,1763,0,65 11 2 66 2 21,0,30,,1747,0,65 11 2 66 2 21,0,70,,1762,0,65 11 2 66 2 21,0,30,,1756,0,65 11 2 66 2 21,0,70,,1750,0,65 11 2 66 2 21,0
1301,'3',530,,1772,0,65 11 2 66 2 21,0,70,,1777,0,65 11 2 66 2 21,0,30,,1771,0,65 11 2 66 2 21,0,70,,1783,0,65 11 2 66 2 21,0,30,,1764,0,65 11 2 66 2 21,0,70,,1787,0,65 11 2 66 2 21,0,30,,1776,0,65 11 2 66 2 21,0,70,,1778,0,65 11 2 66 2 21,0,30,,1768,0,65 11 2 66 2 21,0,70,,1765,0,65 11 2 66 2 21,0,100,,1773,0,65 11 2 66 2 21,0,100,,1788,0,65 11 2 66 2 21,0,100,,1774,0,65 11 2 66 2 21,0,100,,1781,0,65 11 2 66 2 21,0,100,,1785,0,65 11 2 66 2 21,0,30,,1779,0,65 11 2 66 2 21,0,70,,1766,0,65 11 2 66 2 21,0,30,,1769,0,65 11 2 66 2 21,0,70,,1782,0,65 11 2 66 2 21,0,30,,1767,0,65 11 2 66 2 21,0,70,,1786,0,65 11 2 66 2 21,0,30,,1780,0,65 11 2 66 2 21,0,70,,1775,0,65 11 2 66 2 21,0,30,,1784,0,65 11 2 66 2 21,0,70,,1770,0,65 11 2 66 2 21,0
1301,'4',530,,1797,0,65 11 2 66 2 21,0,70,,1802,0,65 11 2 66 2 21,0,30,,1796,0,65 11 2 66 2 21,0,70,,1808,0,65 11 2 66 2 21,0,30,,1789,0,65 11 2 66 2 21,0,70,,1812,0,65 11 2 66 2 21,0,30,,1801,0,65 11 2 66 2 21,0,70,,1803,0,65 11 2 66 2 21,0,30,,1793,0,65 11 2 66 2 21,0,70,,1790,0,65 11 2 66 2 21,0,100,,1798,0,65 11 2 66 2 21,0,100,,1813,0,65 11 2 66 2 21,0,100,,1799,0,65 11 2 66 2 21,0,100,,1806,0,65 11 2 66 2 21,0,100,,1810,0,65 11 2 66 2 21,0,30,,1804,0,65 11 2 66 2 21,0,70,,1791,0,65 11 2 66 2 21,0,30,,1794,0,65 11 2 66 2 21,0,70,,1807,0,65 11 2 66 2 21,0,30,,1792,0,65 11 2 66 2 21,0,70,,1811,0,65 11 2 66 2 21,0,30,,1805,0,65 11 2 66 2 21,0,70,,1800,0,65 11 2 66 2 21,0,30,,1809,0,65 11 2 66 2 21,0,70,,1795,0,65 11 2 66 2 21,0
