1100,'1',819,,4577,24,0,5 2 6 7,0,100,,4578,24,0,5 2 6 7,0,100,,4582,24,0,5 2 6 7,0,100,,2614,24,0,5 2 6 7,0,100,,4583,24,0,5 2 6 7,0,100,,4580,24,0,5 2 6 7,0,100,,4579,24,0,5 2 6 7,0,100,,4581,24,0,5 2 6 7,0,100,,4574,24,0,5 2 6 7,0,100,,4576,24,0,5 2 6 7,0,100,,4573,24,0,5 2 6 7,0,100,,4575,24,0,5 2 6 7,0
1100,'2',549,,4597,24,0,5 2 6 7,0,70,,1421,24,0,5 2 6 7,0,30,,3485,24,0,5 2 6 7,0,70,,170,24,0,5 2 6 7,0,30,,4594,24,0,5 2 6 7,0,70,,299,24,0,5 2 6 7,0,30,,3641,24,0,5 2 6 7,0,70,,3652,24,0,5 2 6 7,0,30,,4591,24,0,5 2 6 7,0,70,,4588,24,0,5 2 6 7,0,30,,2975,24,0,5 2 6 7,0,70,,4585,24,0,5 2 6 7,0,30,,4590,24,0,5 2 6 7,0,70,,4599,24,0,5 2 6 7,0,30,,4604,24,0,5 2 6 7,0,70,,436,24,0,5 2 6 7,0,30,,4593,24,0,5 2 6 7,0,70,,4584,24,0,5 2 6 7,0,30,,4589,24,0,5 2 6 7,0,70,,4592,24,0,5 2 6 7,0,30,,4603,24,0,5 2 6 7,0,70,,4602,24,0,5 2 6 7,0,30,,4596,24,0,5 2 6 7,0,70,,4586,24,0,5 2 6 7,0,30,,4598,24,0,5 2 6 7,0,70,,4587,24,0,5 2 6 7,0,30,,4601,24,0,5 2 6 7,0,70,,4600,24,0,5 2 6 7,0,30,,4595,24,0,5 2 6 7,0
1100,'3',549,,4619,24,0,5 2 6 7,0,70,,3022,24,0,5 2 6 7,0,30,,2053,24,0,5 2 6 7,0,70,,4606,24,0,5 2 6 7,0,30,,4614,24,0,5 2 6 7,0,70,,4621,24,0,5 2 6 7,0,30,,4620,24,0,5 2 6 7,0,70,,536,24,0,5 2 6 7,0,30,,2595,24,0,5 2 6 7,0,70,,4612,24,0,5 2 6 7,0,30,,4607,24,0,5 2 6 7,0,70,,4617,24,0,5 2 6 7,0,30,,4615,24,0,5 2 6 7,0,70,,1512,24,0,5 2 6 7,0,30,,4616,24,0,5 2 6 7,0,70,,723,24,0,5 2 6 7,0,30,,3083,24,0,5 2 6 7,0,70,,2521,24,0,5 2 6 7,0,30,,4608,24,0,5 2 6 7,0,70,,4610,24,0,5 2 6 7,0,30,,4605,24,0,5 2 6 7,0,70,,2519,24,0,5 2 6 7,0,30,,4611,24,0,5 2 6 7,0,70,,4613,24,0,5 2 6 7,0,30,,2946,24,0,5 2 6 7,0,70,,4618,24,0,5 2 6 7,0,30,,3027,24,0,5 2 6 7,0,70,,3157,24,0,5 2 6 7,0,30,,4609,24,0,5 2 6 7,0
1100,'4',549,,4636,24,0,5 2 6 7,0,70,,3003,24,0,5 2 6 7,0,30,,2023,24,0,5 2 6 7,0,70,,4623,24,0,5 2 6 7,0,30,,4631,24,0,5 2 6 7,0,70,,4638,24,0,5 2 6 7,0,30,,4637,24,0,5 2 6 7,0,70,,500,24,0,5 2 6 7,0,30,,2578,24,0,5 2 6 7,0,70,,4629,24,0,5 2 6 7,0,30,,4624,24,0,5 2 6 7,0,70,,4634,24,0,5 2 6 7,0,30,,4632,24,0,5 2 6 7,0,70,,1479,24,0,5 2 6 7,0,30,,4633,24,0,5 2 6 7,0,70,,689,24,0,5 2 6 7,0,30,,3065,24,0,5 2 6 7,0,70,,2500,24,0,5 2 6 7,0,30,,4625,24,0,5 2 6 7,0,70,,4627,24,0,5 2 6 7,0,30,,4622,24,0,5 2 6 7,0,70,,2498,24,0,5 2 6 7,0,30,,4628,24,0,5 2 6 7,0,70,,4630,24,0,5 2 6 7,0,30,,2930,24,0,5 2 6 7,0,70,,4635,24,0,5 2 6 7,0,30,,3007,24,0,5 2 6 7,0,70,,3142,24,0,5 2 6 7,0,30,,4626,24,0,5 2 6 7,0
13601,'3',739,,2894,10,,,0
15000,'3',1550,,3101,2,,,0
15001,'3',759,,5270,9,,,0,70,,1188,9,,,0,30,,5271,9,,,0
15100,'3',1550,,5272,2,0,20,0
15101,'3',834,,3098,25,0,75 1 76,0
15200,'3',1550,,5273,2,0,54 93 105 100 10 11,0
15201,'3',834,,5274,24,0,75 1 76,0,0,,5275,21,0,75 1 76,0
15300,'3',1550,,5276,2,0,92 106 57 3 58,0
15301,'3',834,,5277,20,0,59 60 61,0
15400,'3',1550,,1629,2,,,0
15401,'3',824,,3676,23,,,0
