201,'1',821,,2536,24,0,18,0,30,,4076,24,0,18,0,70,,4077,24,0,18,0,30,,4083,24,0,18,0,70,,4082,24,0,18,0,30,,4078,24,0,18,0,70,,2773,24,0,18,0,30,,4079,24,0,18,0,70,,4088,24,0,18,0,30,,4086,24,0,18,0,70,,4090,24,0,18,0,30,,2442,24,0,18,0,70,,4089,24,0,18,0,30,,4081,24,0,18,0,70,,4087,24,0,18,0,30,,4084,24,0,18,0,70,,4085,24,0,18,0,30,,3574,24,0,18,0,70,,2620,24,0,18,0,30,,4091,24,0,18,0,70,,4075,24,0,18,0,30,,4080,24,0,18,0,70,,4092,24,0,18,0,30,,4093,24,0,18,0
201,'2',521,,4110,24,0,18,0,30,,4112,24,0,18,0,70,,3711,24,0,18,0,30,,3532,24,0,18,0,70,,1013,24,0,18,0,30,,2466,24,0,18,0,70,,1827,24,0,18,0,30,,4099,24,0,18,0,70,,4107,24,0,18,0,30,,4116,24,0,18,0,70,,4106,24,0,18,0,30,,4115,24,0,18,0,70,,4109,24,0,18,0,30,,4113,24,0,18,0,70,,2793,24,0,18,0,30,,4102,24,0,18,0,70,,1744,24,0,18,0,30,,1670,24,0,18,0,70,,4108,24,0,18,0,30,,4104,24,0,18,0,70,,4114,24,0,18,0,30,,3704,24,0,18,0,70,,4101,24,0,18,0,30,,1124,24,0,18,0,70,,4100,24,0,18,0,30,,4095,24,0,18,0,70,,4097,24,0,18,0,30,,4094,24,0,18,0,70,,4098,24,0,18,0,30,,4105,24,0,18,0,70,,4118,24,0,18,0,30,,4117,24,0,18,0,70,,4103,24,0,18,0,30,,4096,24,0,18,0,70,,4111,24,0,18,0,30,,3127,24,0,18,0
201,'3',521,,4142,24,0,18,0,30,,3023,24,0,18,0,70,,4123,24,0,18,0,30,,4130,24,0,18,0,70,,2898,24,0,18,0,30,,4124,24,0,18,0,70,,4138,24,0,18,0,30,,1626,24,0,18,0,70,,252,24,0,18,0,30,,4134,24,0,18,0,70,,3507,24,0,18,0,30,,4132,24,0,18,0,70,,4137,24,0,18,0,30,,4136,24,0,18,0,70,,4143,24,0,18,0,30,,4135,24,0,18,0,70,,4120,24,0,18,0,30,,3564,24,0,18,0,70,,2504,24,0,18,0,30,,4141,24,0,18,0,70,,4139,24,0,18,0,30,,4131,24,0,18,0,70,,4140,24,0,18,0,30,,4119,24,0,18,0,70,,3619,24,0,18,0,30,,4133,24,0,18,0,70,,3753,24,0,18,0,30,,4128,24,0,18,0,70,,4129,24,0,18,0,30,,4127,24,0,18,0,70,,4125,24,0,18,0,30,,4122,24,0,18,0,70,,4126,24,0,18,0,30,,4121,24,0,18,0,70,,3016,24,0,18,0,30,,2513,24,0,18,0
201,'4',521,,4165,24,0,18,0,30,,3004,24,0,18,0,70,,4148,24,0,18,0,30,,4154,24,0,18,0,70,,2881,24,0,18,0,30,,3766,24,0,18,0,70,,4161,24,0,18,0,30,,1593,24,0,18,0,70,,214,24,0,18,0,30,,4158,24,0,18,0,70,,3493,24,0,18,0,30,,4156,24,0,18,0,70,,3777,24,0,18,0,30,,4160,24,0,18,0,70,,4166,24,0,18,0,30,,4159,24,0,18,0,70,,4145,24,0,18,0,30,,3549,24,0,18,0,70,,2483,24,0,18,0,30,,4164,24,0,18,0,70,,4162,24,0,18,0,30,,4155,24,0,18,0,70,,4163,24,0,18,0,30,,4144,24,0,18,0,70,,3601,24,0,18,0,30,,4157,24,0,18,0,70,,3736,24,0,18,0,30,,4152,24,0,18,0,70,,4153,24,0,18,0,30,,4151,24,0,18,0,70,,4149,24,0,18,0,30,,4147,24,0,18,0,70,,4150,24,0,18,0,30,,4146,24,0,18,0,70,,2997,24,0,18,0,30,,2492,24,0,18,0
1001,'1',852,,4524,9,0,32,0,100,,4517,9,0,32,0,100,,4527,9,0,32,0,100,,4526,9,0,32,0,100,,4525,9,0,32,0,100,,4522,9,0,32,0,100,,4520,9,0,32,0,100,,4523,9,0,32,0,100,,4518,9,0,32,0,100,,4519,9,0,32,0,100,,2843,9,0,32,0,100,,4521,9,0,32,0
1001,'2',522,,4528,9,0,32,0,30,,4532,9,0,32,0,70,,2013,9,0,32,0,30,,2567,9,0,32,0,70,,4544,9,0,32,0,30,,4531,9,0,32,0,70,,2782,9,0,32,0,30,,4541,9,0,32,0,70,,4534,9,0,32,0,30,,4542,9,0,32,0,70,,1658,9,0,32,0,30,,4543,9,0,32,0,70,,3642,9,0,32,0,30,,794,9,0,32,0,70,,4535,9,0,32,0,30,,4529,9,0,32,0,70,,1106,9,0,32,0,30,,2914,9,0,32,0,70,,4536,9,0,32,0,30,,4533,9,0,32,0,70,,4539,9,0,32,0,30,,2982,9,0,32,0,70,,4540,9,0,32,0,30,,2921,9,0,32,0,70,,4538,9,0,32,0,30,,4537,9,0,32,0,70,,2555,9,0,32,0,30,,2376,9,0,32,0,70,,4530,9,0,32,0,30,,2631,9,0,32,0
1001,'3',522,,4548,9,0,32,0,30,,2949,9,0,32,0,70,,4554,9,0,32,0,30,,4558,9,0,32,0,70,,4555,9,0,32,0,30,,108,9,0,32,0,70,,4546,9,0,32,0,30,,4549,9,0,32,0,70,,4550,9,0,32,0,30,,861,9,0,32,0,70,,2950,9,0,32,0,30,,3565,9,0,32,0,70,,4552,9,0,32,0,30,,4547,9,0,32,0,70,,2511,9,0,32,0,30,,3512,9,0,32,0,70,,2672,9,0,32,0,30,,4551,9,0,32,0,70,,2755,9,0,32,0,30,,3760,9,0,32,0,70,,2341,9,0,32,0,30,,3305,9,0,32,0,70,,4545,9,0,32,0,30,,2754,9,0,32,0,70,,2509,9,0,32,0,30,,1063,9,0,32,0,70,,3562,9,0,32,0,30,,4557,9,0,32,0,70,,4553,9,0,32,0,30,,4556,9,0,32,0
1001,'4',522,,4562,9,0,32,0,30,,2933,9,0,32,0,70,,4568,9,0,32,0,30,,4572,9,0,32,0,70,,4569,9,0,32,0,30,,71,9,0,32,0,70,,4560,9,0,32,0,30,,4563,9,0,32,0,70,,4564,9,0,32,0,30,,827,9,0,32,0,70,,2934,9,0,32,0,30,,3550,9,0,32,0,70,,4566,9,0,32,0,30,,4561,9,0,32,0,70,,2490,9,0,32,0,30,,3497,9,0,32,0,70,,2649,9,0,32,0,30,,4565,9,0,32,0,70,,2734,9,0,32,0,30,,3757,9,0,32,0,70,,2324,9,0,32,0,30,,3285,9,0,32,0,70,,4559,9,0,32,0,30,,2733,9,0,32,0,70,,2488,9,0,32,0,30,,1032,9,0,32,0,70,,3547,9,0,32,0,30,,4571,9,0,32,0,70,,4567,9,0,32,0,30,,4570,9,0,32,0
11101,'3',747,,5233,13,,,0
12001,'3',825,,3209,3,0,27 28,0
13501,'3',751,,5256,19,,,0
14000,'3',1553,,5261,3,0,24,0
14300,'3',1555,,5266,3,0,96 97 10 11 31 3 25 26,0
