13001,'3',755,,2267,2,4,,0,70,,2266,2,4,,0
13100,'3',1524,,2268,1,,,0
13101,'3',805,,2269,16,4,,0
13200,'3',1524,,2270,1,0,34,0
13201,'3',805,,2271,18,4,,0
13300,'3',1524,,2272,1,,,0
13301,'3',800,,2273,18,4,,0
13400,'3',1519,,2276,1,,,0,5,,2275,1,,,0
13401,'3',800,,2278,15,4,,0,1,,2277,15,4,,0
13500,'3',1524,,2279,1,0,78 79 26 27 3 26 37,0
13501,'3',805,,2280,30,4,,0
13600,'3',1524,,2281,1,0,74 71 75 10 11 16 3 17,0
13601,'3',800,,2282,30,4,,0
13700,'3',1524,,2283,1,0,80 10 11 32 3 28 16,0
13701,'3',800,,2284,25,4,,0
13800,'3',1524,,2285,1,,,0
13801,'3',800,,2286,23,4,,0
13900,'3',1524,,2287,1,,,0
13901,'3',800,,2288,24,4,,0
