1000,'1',823,,993,8,0,33,0,100,,994,8,0,33,0,100,,990,8,0,33,0,100,,984,8,0,33,0,100,,992,8,0,33,0,100,,988,8,0,33,0,100,,987,8,0,33,0,100,,985,8,0,33,0,100,,989,8,0,33,0,100,,983,8,0,33,0,100,,991,8,0,33,0,100,,986,8,0,33,0
1000,'2',523,,999,8,0,33,0,30,,1000,8,0,33,0,70,,1025,8,0,33,0,30,,1018,8,0,33,0,70,,998,8,0,33,0,30,,1019,8,0,33,0,70,,1006,8,0,33,0,30,,1008,8,0,33,0,70,,1001,8,0,33,0,30,,1004,8,0,33,0,70,,1009,8,0,33,0,30,,996,8,0,33,0,70,,1016,8,0,33,0,30,,1003,8,0,33,0,70,,997,8,0,33,0,30,,1013,8,0,33,0,70,,1010,8,0,33,0,30,,1014,8,0,33,0,70,,1017,8,0,33,0,30,,1020,8,0,33,0,70,,1021,8,0,33,0,30,,1005,8,0,33,0,70,,1015,8,0,33,0,30,,1023,8,0,33,0,70,,1022,8,0,33,0,30,,1002,8,0,33,0,70,,1012,8,0,33,0,30,,1007,8,0,33,0,70,,995,8,0,33,0,30,,1024,8,0,33,0
1000,'3',523,,1049,8,0,33,0,30,,1026,8,0,33,0,70,,1048,8,0,33,0,30,,1035,8,0,33,0,70,,1047,8,0,33,0,30,,1039,8,0,33,0,70,,1051,8,0,33,0,30,,1037,8,0,33,0,70,,1055,8,0,33,0,30,,1054,8,0,33,0,70,,1036,8,0,33,0,30,,1052,8,0,33,0,70,,1029,8,0,33,0,30,,1027,8,0,33,0,70,,1053,8,0,33,0,30,,1045,8,0,33,0,70,,1046,8,0,33,0,30,,1050,8,0,33,0,70,,1043,8,0,33,0,30,,1028,8,0,33,0,70,,1032,8,0,33,0,30,,1040,8,0,33,0,70,,1038,8,0,33,0,30,,1034,8,0,33,0,70,,1031,8,0,33,0,30,,1056,8,0,33,0,70,,1041,8,0,33,0,30,,1030,8,0,33,0,70,,1042,8,0,33,0,30,,1033,8,0,33,0
1000,'4',523,,1080,8,0,33,0,30,,1057,8,0,33,0,70,,1079,8,0,33,0,30,,1066,8,0,33,0,70,,1078,8,0,33,0,30,,1070,8,0,33,0,70,,1082,8,0,33,0,30,,1068,8,0,33,0,70,,1086,8,0,33,0,30,,1085,8,0,33,0,70,,1067,8,0,33,0,30,,1083,8,0,33,0,70,,1060,8,0,33,0,30,,1058,8,0,33,0,70,,1084,8,0,33,0,30,,1076,8,0,33,0,70,,1077,8,0,33,0,30,,1081,8,0,33,0,70,,1074,8,0,33,0,30,,1059,8,0,33,0,70,,1063,8,0,33,0,30,,1071,8,0,33,0,70,,1069,8,0,33,0,30,,1065,8,0,33,0,70,,1062,8,0,33,0,30,,1087,8,0,33,0,70,,1072,8,0,33,0,30,,1061,8,0,33,0,70,,1073,8,0,33,0,30,,1064,8,0,33,0
11100,'3',1457,,2249,6,,,0
12000,'3',1557,,2255,5,0,26 27 3 28 16,0
12100,'3',1549,,2257,5,0,28 29,0
13500,'3',1529,,2279,5,0,78 79 26 27 3 26 37,0
13700,'3',1529,,2283,5,0,80 10 11 32 3 28 16,0
14001,'3',818,,2290,4,0,25,0
15001,'3',749,,2302,4,,,0,70,,2301,4,,,0,30,,2303,4,,,0
