1000,'1',835,,993,24,0,33,0,100,,994,24,0,33,0,100,,990,24,0,33,0,100,,984,24,0,33,0,100,,992,24,0,33,0,100,,988,24,0,33,0,100,,987,24,0,33,0,100,,985,24,0,33,0,100,,989,24,0,33,0,100,,983,24,0,33,0,100,,991,24,0,33,0,100,,986,24,0,33,0
1000,'2',535,,999,24,0,33,0,70,,1000,24,0,33,0,30,,1025,24,0,33,0,70,,1018,24,0,33,0,30,,998,24,0,33,0,70,,1019,24,0,33,0,30,,1006,24,0,33,0,70,,1008,24,0,33,0,30,,1001,24,0,33,0,70,,1004,24,0,33,0,30,,1009,24,0,33,0,70,,996,24,0,33,0,30,,1016,24,0,33,0,70,,1003,24,0,33,0,30,,997,24,0,33,0,70,,1013,24,0,33,0,30,,1010,24,0,33,0,70,,1014,24,0,33,0,30,,1017,24,0,33,0,70,,1020,24,0,33,0,30,,1021,24,0,33,0,70,,1005,24,0,33,0,30,,1015,24,0,33,0,70,,1023,24,0,33,0,30,,1022,24,0,33,0,70,,1002,24,0,33,0,30,,1012,24,0,33,0,70,,1007,24,0,33,0,30,,995,24,0,33,0,70,,1024,24,0,33,0
1000,'3',535,,1049,24,0,33,0,70,,1026,24,0,33,0,30,,1048,24,0,33,0,70,,1035,24,0,33,0,30,,1047,24,0,33,0,70,,1039,24,0,33,0,30,,1051,24,0,33,0,70,,1037,24,0,33,0,30,,1055,24,0,33,0,70,,1054,24,0,33,0,30,,1036,24,0,33,0,70,,1052,24,0,33,0,30,,1029,24,0,33,0,70,,1027,24,0,33,0,30,,1053,24,0,33,0,70,,1045,24,0,33,0,30,,1046,24,0,33,0,70,,1050,24,0,33,0,30,,1043,24,0,33,0,70,,1028,24,0,33,0,30,,1032,24,0,33,0,70,,1040,24,0,33,0,30,,1038,24,0,33,0,70,,1034,24,0,33,0,30,,1031,24,0,33,0,70,,1056,24,0,33,0,30,,1041,24,0,33,0,70,,1030,24,0,33,0,30,,1042,24,0,33,0,70,,1033,24,0,33,0
1000,'4',535,,1080,24,0,33,0,70,,1057,24,0,33,0,30,,1079,24,0,33,0,70,,1066,24,0,33,0,30,,1078,24,0,33,0,70,,1070,24,0,33,0,30,,1082,24,0,33,0,70,,1068,24,0,33,0,30,,1086,24,0,33,0,70,,1085,24,0,33,0,30,,1067,24,0,33,0,70,,1083,24,0,33,0,30,,1060,24,0,33,0,70,,1058,24,0,33,0,30,,1084,24,0,33,0,70,,1076,24,0,33,0,30,,1077,24,0,33,0,70,,1081,24,0,33,0,30,,1074,24,0,33,0,70,,1059,24,0,33,0,30,,1063,24,0,33,0,70,,1071,24,0,33,0,30,,1069,24,0,33,0,70,,1065,24,0,33,0,30,,1062,24,0,33,0,70,,1087,24,0,33,0,30,,1072,24,0,33,0,70,,1061,24,0,33,0,30,,1073,24,0,33,0,70,,1064,24,0,33,0
12100,'3',1603,,2257,15,0,28 29,0
12101,'3',833,,2258,7,0,28 29,0
13700,'3',1543,,2283,20,0,80 10 11 32 3 28 16,0
13701,'3',743,,2284,8,0,34,0
14401,'3',810,,2299,3,0,25,0
15200,'3',1604,,2306,22,0,19 1 55 73 85 80 10 11,0
15201,'3',824,,2307,14,0,19 1 20,0,0,,2308,11,0,19 1 20,0
