1500,'1',842,,4973,23,4,,0,100,,4971,23,4,,0,100,,4977,23,4,,0,100,,4974,23,4,,0,100,,4975,23,4,,0,100,,4970,23,4,,0,100,,4976,23,4,,0,100,,2613,23,4,,0,100,,4978,23,4,,0,100,,2703,23,4,,0,100,,4972,23,4,,0,100,,3239,23,4,,0
1500,'2',542,,1763,23,4,,0,70,,4981,23,4,,0,30,,4990,23,4,,0,70,,888,23,4,,0,30,,4985,23,4,,0,70,,1324,23,4,,0,30,,4988,23,4,,0,70,,4980,23,4,,0,30,,1742,23,4,,0,100,,4991,23,4,,0,100,,183,23,4,,0,100,,3171,23,4,,0,100,,3177,23,4,,0,100,,2923,23,4,,0,70,,4982,23,4,,0,30,,3173,23,4,,0,70,,3706,23,4,,0,30,,4979,23,4,,0,70,,4989,23,4,,0,30,,4983,23,4,,0,70,,4986,23,4,,0,30,,4987,23,4,,0,100,,4984,23,4,,0
1500,'3',542,,5000,23,4,,0,70,,5003,23,4,,0,30,,4996,23,4,,0,70,,629,23,4,,0,30,,5004,23,4,,0,70,,2597,23,4,,0,30,,4993,23,4,,0,70,,5002,23,4,,0,30,,4997,23,4,,0,100,,4995,23,4,,0,100,,1495,23,4,,0,100,,3571,23,4,,0,100,,2825,23,4,,0,100,,4999,23,4,,0,70,,3102,23,4,,0,30,,5001,23,4,,0,70,,1881,23,4,,0,30,,4998,23,4,,0,70,,4992,23,4,,0,30,,2346,23,4,,0,70,,1635,23,4,,0,30,,2432,23,4,,0,100,,4994,23,4,,0
1500,'4',542,,5013,23,4,,0,70,,5016,23,4,,0,30,,5009,23,4,,0,70,,597,23,4,,0,30,,5017,23,4,,0,70,,2580,23,4,,0,30,,5006,23,4,,0,70,,5015,23,4,,0,30,,5010,23,4,,0,100,,5008,23,4,,0,100,,1462,23,4,,0,100,,3556,23,4,,0,100,,2807,23,4,,0,100,,5012,23,4,,0,70,,3081,23,4,,0,30,,5014,23,4,,0,70,,1858,23,4,,0,30,,5011,23,4,,0,70,,5005,23,4,,0,30,,2329,23,4,,0,70,,1602,23,4,,0,30,,2405,23,4,,0,100,,5007,23,4,,0
1501,'1',842,,5018,1,0,38 2 39,0,100,,5022,1,0,38 2 39,0,100,,5024,1,0,38 2 39,0,100,,5025,1,0,38 2 39,0,100,,5021,1,0,38 2 39,0,100,,5020,1,0,38 2 39,0,100,,5026,1,0,38 2 39,0,100,,5019,1,0,38 2 39,0,100,,3521,1,0,38 2 39,0,100,,2779,1,0,38 2 39,0,100,,3637,1,0,38 2 39,0,100,,5023,1,0,38 2 39,0
1501,'2',542,,5032,1,0,38 2 39,0,70,,5038,1,0,38 2 39,0,30,,2556,1,0,38 2 39,0,70,,5029,1,0,38 2 39,0,30,,5034,1,0,38 2 39,0,70,,5030,1,0,38 2 39,0,30,,185,1,0,38 2 39,0,70,,5027,1,0,38 2 39,0,30,,3534,1,0,38 2 39,0,100,,5042,1,0,38 2 39,0,100,,5041,1,0,38 2 39,0,100,,5031,1,0,38 2 39,0,100,,3592,1,0,38 2 39,0,100,,2375,1,0,38 2 39,0,70,,5039,1,0,38 2 39,0,30,,1126,1,0,38 2 39,0,70,,5036,1,0,38 2 39,0,30,,5033,1,0,38 2 39,0,70,,573,1,0,38 2 39,0,30,,5028,1,0,38 2 39,0,70,,5037,1,0,38 2 39,0,30,,5040,1,0,38 2 39,0,100,,5035,1,0,38 2 39,0
1501,'3',542,,5045,1,0,38 2 39,0,70,,2508,1,0,38 2 39,0,30,,5052,1,0,38 2 39,0,70,,5046,1,0,38 2 39,0,30,,3631,1,0,38 2 39,0,70,,2502,1,0,38 2 39,0,30,,5047,1,0,38 2 39,0,70,,5043,1,0,38 2 39,0,30,,3401,1,0,38 2 39,0,100,,641,1,0,38 2 39,0,100,,5050,1,0,38 2 39,0,100,,5054,1,0,38 2 39,0,100,,2505,1,0,38 2 39,0,100,,3687,1,0,38 2 39,0,70,,5048,1,0,38 2 39,0,30,,5051,1,0,38 2 39,0,70,,5053,1,0,38 2 39,0,30,,2695,1,0,38 2 39,0,70,,5055,1,0,38 2 39,0,30,,738,1,0,38 2 39,0,70,,5044,1,0,38 2 39,0,30,,957,1,0,38 2 39,0,100,,5049,1,0,38 2 39,0
1501,'4',542,,5058,1,0,38 2 39,0,70,,2487,1,0,38 2 39,0,30,,5064,1,0,38 2 39,0,70,,2122,1,0,38 2 39,0,30,,3613,1,0,38 2 39,0,70,,2482,1,0,38 2 39,0,30,,5059,1,0,38 2 39,0,70,,5056,1,0,38 2 39,0,30,,3380,1,0,38 2 39,0,100,,609,1,0,38 2 39,0,100,,5062,1,0,38 2 39,0,100,,5066,1,0,38 2 39,0,100,,2484,1,0,38 2 39,0,100,,3670,1,0,38 2 39,0,70,,5060,1,0,38 2 39,0,30,,5063,1,0,38 2 39,0,70,,5065,1,0,38 2 39,0,30,,2671,1,0,38 2 39,0,70,,5067,1,0,38 2 39,0,30,,704,1,0,38 2 39,0,70,,5057,1,0,38 2 39,0,30,,923,1,0,38 2 39,0,100,,5061,1,0,38 2 39,0
13400,'3',1529,,845,8,,,0,6,,5252,8,,,0
13401,'3',740,,5253,1,,,0,1,,5254,1,,,0
14200,'3',1611,,1887,16,0,50 103 104 53 3 38,0
