1501,'1',858,,5018,18,0,38 2 39,0,100,,5022,18,0,38 2 39,0,100,,5024,18,0,38 2 39,0,100,,5025,18,0,38 2 39,0,100,,5021,18,0,38 2 39,0,100,,5020,18,0,38 2 39,0,100,,5026,18,0,38 2 39,0,100,,5019,18,0,38 2 39,0,100,,3521,18,0,38 2 39,0,100,,2779,18,0,38 2 39,0,100,,3637,18,0,38 2 39,0,100,,5023,18,0,38 2 39,0
1501,'2',556,,5032,18,0,38 2 39,0,70,,5038,18,0,38 2 39,0,30,,2556,18,0,38 2 39,0,70,,5029,18,0,38 2 39,0,30,,5034,18,0,38 2 39,0,70,,5030,18,0,38 2 39,0,30,,185,18,0,38 2 39,0,70,,5027,18,0,38 2 39,0,30,,3534,18,0,38 2 39,0,100,,5042,18,0,38 2 39,0,100,,5041,18,0,38 2 39,0,100,,5031,18,0,38 2 39,0,100,,3592,18,0,38 2 39,0,100,,2375,18,0,38 2 39,0,70,,5039,18,0,38 2 39,0,30,,1126,18,0,38 2 39,0,70,,5036,18,0,38 2 39,0,30,,5033,18,0,38 2 39,0,70,,573,18,0,38 2 39,0,30,,5028,18,0,38 2 39,0,70,,5037,18,0,38 2 39,0,30,,5040,18,0,38 2 39,0,100,,5035,18,0,38 2 39,0
1501,'3',556,,5045,18,0,38 2 39,0,70,,2508,18,0,38 2 39,0,30,,5052,18,0,38 2 39,0,70,,5046,18,0,38 2 39,0,30,,3631,18,0,38 2 39,0,70,,2502,18,0,38 2 39,0,30,,5047,18,0,38 2 39,0,70,,5043,18,0,38 2 39,0,30,,3401,18,0,38 2 39,0,100,,641,18,0,38 2 39,0,100,,5050,18,0,38 2 39,0,100,,5054,18,0,38 2 39,0,100,,2505,18,0,38 2 39,0,100,,3687,18,0,38 2 39,0,70,,5048,18,0,38 2 39,0,30,,5051,18,0,38 2 39,0,70,,5053,18,0,38 2 39,0,30,,2695,18,0,38 2 39,0,70,,5055,18,0,38 2 39,0,30,,738,18,0,38 2 39,0,70,,5044,18,0,38 2 39,0,30,,957,18,0,38 2 39,0,100,,5049,18,0,38 2 39,0
1501,'4',556,,5058,18,0,38 2 39,0,70,,2487,18,0,38 2 39,0,30,,5064,18,0,38 2 39,0,70,,2122,18,0,38 2 39,0,30,,3613,18,0,38 2 39,0,70,,2482,18,0,38 2 39,0,30,,5059,18,0,38 2 39,0,70,,5056,18,0,38 2 39,0,30,,3380,18,0,38 2 39,0,100,,609,18,0,38 2 39,0,100,,5062,18,0,38 2 39,0,100,,5066,18,0,38 2 39,0,100,,2484,18,0,38 2 39,0,100,,3670,18,0,38 2 39,0,70,,5060,18,0,38 2 39,0,30,,5063,18,0,38 2 39,0,70,,5065,18,0,38 2 39,0,30,,2671,18,0,38 2 39,0,70,,5067,18,0,38 2 39,0,30,,704,18,0,38 2 39,0,70,,5057,18,0,38 2 39,0,30,,923,18,0,38 2 39,0,100,,5061,18,0,38 2 39,0
1601,'1',905,,5130,5,0,66 67,0,100,,5131,5,0,66 67,0,100,,5137,5,0,66 67,0,100,,2527,5,0,66 67,0,100,,5132,5,0,66 67,0,100,,2616,5,0,66 67,0,100,,5136,5,0,66 67,0,100,,5134,5,0,66 67,0,100,,5135,5,0,66 67,0,100,,5133,5,0,66 67,0,100,,5138,5,0,66 67,0,100,,3336,5,0,66 67,0
1601,'2',534,,5144,5,0,66 67,0,70,,2984,5,0,66 67,0,30,,2924,5,0,66 67,0,70,,5151,5,0,66 67,0,30,,5139,5,0,66 67,0,70,,5143,5,0,66 67,0,30,,5152,5,0,66 67,0,70,,30,5,0,66 67,0,30,,5149,5,0,66 67,0,70,,5146,5,0,66 67,0,30,,5153,5,0,66 67,0,70,,5148,5,0,66 67,0,30,,3272,5,0,66 67,0,70,,1303,5,0,66 67,0,30,,5141,5,0,66 67,0,70,,2725,5,0,66 67,0,30,,5145,5,0,66 67,0,70,,2384,5,0,66 67,0,30,,5147,5,0,66 67,0,70,,2720,5,0,66 67,0,30,,3187,5,0,66 67,0,70,,3256,5,0,66 67,0,30,,3484,5,0,66 67,0,70,,5155,5,0,66 67,0,30,,5150,5,0,66 67,0,70,,5154,5,0,66 67,0,30,,5142,5,0,66 67,0,70,,2983,5,0,66 67,0,30,,3046,5,0,66 67,0,70,,5140,5,0,66 67,0
1601,'3',534,,3088,5,0,66 67,0,70,,5168,5,0,66 67,0,30,,5169,5,0,66 67,0,70,,5157,5,0,66 67,0,30,,3215,5,0,66 67,0,70,,5171,5,0,66 67,0,30,,5163,5,0,66 67,0,70,,5172,5,0,66 67,0,30,,2756,5,0,66 67,0,70,,5161,5,0,66 67,0,30,,961,5,0,66 67,0,70,,5175,5,0,66 67,0,30,,5164,5,0,66 67,0,70,,5158,5,0,66 67,0,30,,1172,5,0,66 67,0,70,,529,5,0,66 67,0,30,,405,5,0,66 67,0,70,,5156,5,0,66 67,0,30,,5167,5,0,66 67,0,70,,5159,5,0,66 67,0,30,,5165,5,0,66 67,0,70,,5173,5,0,66 67,0,30,,1799,5,0,66 67,0,70,,2751,5,0,66 67,0,30,,1806,5,0,66 67,0,70,,5166,5,0,66 67,0,30,,5174,5,0,66 67,0,70,,5170,5,0,66 67,0,30,,5160,5,0,66 67,0,70,,5162,5,0,66 67,0
1601,'4',534,,3070,5,0,66 67,0,70,,5187,5,0,66 67,0,30,,5188,5,0,66 67,0,70,,1137,5,0,66 67,0,30,,3194,5,0,66 67,0,70,,5190,5,0,66 67,0,30,,5182,5,0,66 67,0,70,,5191,5,0,66 67,0,30,,2735,5,0,66 67,0,70,,5180,5,0,66 67,0,30,,927,5,0,66 67,0,70,,5194,5,0,66 67,0,30,,5183,5,0,66 67,0,70,,5177,5,0,66 67,0,30,,1142,5,0,66 67,0,70,,493,5,0,66 67,0,30,,368,5,0,66 67,0,70,,5176,5,0,66 67,0,30,,5186,5,0,66 67,0,70,,5178,5,0,66 67,0,30,,5184,5,0,66 67,0,70,,5192,5,0,66 67,0,30,,1774,5,0,66 67,0,70,,2730,5,0,66 67,0,30,,1781,5,0,66 67,0,70,,5185,5,0,66 67,0,30,,5193,5,0,66 67,0,70,,5189,5,0,66 67,0,30,,5179,5,0,66 67,0,70,,5181,5,0,66 67,0
11201,'3',749,,122,20,,,0
13201,'3',748,,389,5,0,33,0
13901,'3',746,,237,14,,,0
