100,1267,1,0
100,985,2,0
100,980,3,0
100,978,4,0
100,965,5,0
100,963,6,0
100,960,7,0
100,951,8,0
100,949,9,0
100,948,10,0
100,896,11,0
100,901,12,0
100,905,13,0
100,908,14,0
100,899,15,0
100,894,16,0
100,657,17,0
100,655,18,0
100,902,19,0
100,922,20,0
100,923,21,0
100,925,22,0
100,931,23,0
100,933,24,1
101,934,1,0
101,932,2,0
101,930,3,0
101,924,4,0
101,921,5,0
101,903,6,0
101,654,7,0
101,656,8,0
101,658,9,0
101,893,10,0
101,898,11,0
101,907,12,0
101,909,13,0
101,906,14,0
101,904,15,0
101,900,16,0
101,897,17,0
101,954,18,0
101,1268,19,0
101,962,20,0
101,961,21,0
101,983,22,0
101,984,23,0
101,1267,24,1
200,1267,1,0
200,982,2,0
200,740,3,0
200,645,4,0
200,724,5,0
200,727,6,0
200,742,7,0
200,744,8,0
200,821,9,0
200,818,10,0
200,802,11,0
200,799,12,0
200,683,13,0
200,648,14,0
200,644,15,0
200,642,16,0
200,638,17,0
200,747,18,0
200,748,19,0
200,660,20,0
200,663,21,0
200,667,22,0
200,750,23,0
200,754,24,0
200,756,25,0
200,774,26,0
200,777,27,0
200,788,28,1
201,786,1,0
201,776,2,0
201,775,3,0
201,755,4,0
201,753,5,0
201,749,6,0
201,668,7,0
201,666,8,0
201,665,9,0
201,664,10,0
201,659,11,0
201,661,12,0
201,746,13,0
201,751,14,0
201,640,15,0
201,639,16,0
201,637,17,0
201,682,18,0
201,643,19,0
201,647,20,0
201,651,21,0
201,801,22,0
201,803,23,0
201,745,24,0
201,743,25,0
201,741,26,0
201,726,27,0
201,722,28,0
201,646,29,0
201,1228,30,0
201,724,31,0
201,739,32,0
201,981,33,0
201,1267,34,1
300,1267,1,0
300,985,2,0
300,980,3,0
300,736,4,0
300,734,5,0
300,720,6,0
300,714,7,0
300,718,8,0
300,728,9,0
300,716,10,0
300,712,11,0
300,711,12,0
300,680,13,0
300,677,14,0
300,672,15,0
300,675,16,0
300,684,17,0
300,688,18,0
300,689,19,0
300,692,20,0
300,953,21,0
300,955,22,0
300,959,23,0
300,970,24,0
300,1014,25,0
300,1012,26,0
300,1011,27,0
300,1015,28,0
300,1029,29,0
300,1032,30,0
300,1085,31,0
300,1095,32,0
300,1096,33,1
301,1097,1,0
301,1094,2,0
301,1084,3,0
301,1033,4,0
301,1017,5,0
301,1016,6,0
301,1010,7,0
301,1013,8,0
301,1210,9,0
301,969,10,0
301,956,11,0
301,952,12,0
301,693,13,0
301,690,14,0
301,691,15,0
301,685,16,0
301,674,17,0
301,673,18,0
301,676,19,0
301,679,20,0
301,681,21,0
301,711,22,0
301,713,23,0
301,717,24,0
301,729,25,0
301,719,26,0
301,715,27,0
301,721,28,0
301,731,29,0
301,730,30,0
301,737,31,0
301,1267,32,1
400,1267,1,0
400,989,2,0
400,995,3,0
400,993,4,0
400,1057,5,0
400,825,6,0
400,824,7,0
400,823,8,0
400,798,9,0
400,761,10,0
400,759,11,0
400,768,12,0
400,771,13,0
400,809,14,0
400,811,15,0
400,813,16,0
400,773,17,0
400,842,18,0
400,837,19,0
400,836,20,0
400,840,21,0
400,850,22,0
400,856,23,0
400,857,24,0
400,859,25,0
400,862,26,0
400,854,27,0
400,852,28,0
400,795,29,1
401,794,1,0
401,853,2,0
401,860,3,0
401,861,4,0
401,858,5,0
401,855,6,0
401,847,7,0
401,849,8,0
401,839,9,0
401,835,10,0
401,838,11,0
401,814,12,0
401,772,13,0
401,812,14,0
401,810,15,0
401,808,16,0
401,769,17,0
401,763,18,0
401,758,19,0
401,760,20,0
401,800,21,0
401,820,22,0
401,822,23,0
401,1056,24,0
401,1242,25,0
401,992,26,0
401,990,27,0
401,981,28,0
401,1267,29,1
500,1267,1,0
500,1005,2,0
500,1007,3,0
500,1009,4,0
500,1052,5,0
500,1050,6,0
500,1053,7,0
500,1055,8,0
500,1108,9,0
500,1186,10,0
500,1114,11,0
500,1118,12,0
500,1125,13,0
500,1161,14,0
500,1165,15,0
500,1167,16,0
500,1176,17,0
500,1179,18,0
500,1173,19,0
500,1171,20,0
500,1168,21,0
500,1170,22,0
500,1160,23,0
500,1159,24,0
500,1158,25,0
500,1155,26,0
500,1134,27,0
500,1132,28,0
500,1130,29,1
501,1129,1,0
501,1131,2,0
501,1133,3,0
501,1137,4,0
501,1156,5,0
501,1157,6,0
501,1229,7,0
501,652,8,0
501,1169,9,0
501,1172,10,0
501,1174,11,0
501,1178,12,0
501,1177,13,0
501,1175,14,0
501,1166,15,0
501,1162,16,0
501,1241,17,0
501,1126,18,0
501,1115,19,0
501,1113,20,0
501,1112,21,0
501,1110,22,0
501,1109,23,0
501,1054,24,0
501,1049,25,0
501,1051,26,0
501,1227,27,0
501,1008,28,0
501,1006,29,0
501,1004,30,0
501,1267,31,1
603,935,1,0
603,1312,2,0
603,1314,3,0
603,1315,4,0
603,1316,5,0
603,1313,6,0
603,936,7,0
603,941,8,0
603,1100,9,0
603,1105,10,0
603,1092,11,0
603,1089,12,0
603,1039,13,0
603,1036,14,0
603,1234,15,0
603,1047,16,0
603,1053,17,0
603,1055,18,0
603,1108,19,0
603,1111,20,0
603,1122,21,0
603,1124,22,0
603,1128,23,0
603,1184,24,0
603,1182,25,0
603,1183,26,0
603,1180,27,0
603,1181,28,0
603,1230,29,0
603,1231,30,0
603,1243,31,0
603,1244,32,0
603,1245,33,1
604,1245,1,0
604,1127,2,0
604,1123,3,0
604,1121,4,0
604,1110,5,0
604,1109,6,0
604,1054,7,0
604,1048,8,0
604,1317,9,0
604,1035,10,0
604,1038,11,0
604,1235,12,0
604,1318,13,0
604,1098,14,0
604,940,15,0
604,935,16,1
700,1267,1,0
700,1003,2,0
700,1000,3,0
700,999,4,0
700,986,5,0
700,971,6,0
700,974,7,0
700,976,8,0
700,1021,9,0
700,1023,10,0
700,1028,11,0
700,1026,12,0
700,1024,13,0
700,1030,14,0
700,1034,15,0
700,1086,16,0
700,1088,17,0
700,1090,18,0
700,1103,19,0
700,1106,20,0
700,1141,21,0
700,1134,22,0
700,1132,23,0
700,1154,24,0
700,1153,25,0
700,1150,26,0
700,1138,27,0
700,946,28,0
700,945,29,0
700,943,30,0
700,936,31,1
701,935,1,0
701,942,2,0
701,944,3,0
701,947,4,0
701,1151,5,0
701,1152,6,0
701,1149,7,0
701,1139,8,0
701,1133,9,0
701,1137,10,0
701,1140,11,0
701,1224,12,0
701,1104,13,0
701,1091,14,0
701,1087,15,0
701,1031,16,0
701,1019,17,0
701,1025,18,0
701,1027,19,0
701,1022,20,0
701,1020,21,0
701,975,22,0
701,973,23,0
701,972,24,0
701,987,25,0
701,1001,26,0
701,1002,27,0
701,1004,28,0
701,1267,29,1
800,1267,1,0
800,989,2,0
800,995,3,0
800,993,4,0
800,1059,5,0
800,1060,6,0
800,1064,7,0
800,1065,8,0
800,1066,9,0
800,1068,10,0
800,1074,11,0
800,1063,12,0
800,833,13,0
800,831,14,0
800,865,15,0
800,863,16,0
800,1225,17,0
800,1233,18,0
800,867,19,0
800,869,20,0
800,1073,21,0
800,1077,22,0
800,1078,23,0
800,870,24,0
800,874,25,0
800,872,26,0
800,871,27,0
800,848,28,0
800,793,29,0
800,786,30,1
801,788,1,0
801,1237,2,0
801,792,3,0
801,841,4,0
801,851,5,0
801,868,6,0
801,873,7,0
801,875,8,0
801,876,9,0
801,1079,10,0
801,1076,11,0
801,1072,12,0
801,866,13,0
801,1232,14,0
801,846,15,0
801,843,16,0
801,844,17,0
801,864,18,0
801,832,19,0
801,834,20,0
801,1062,21,0
801,1075,22,0
801,1067,23,0
801,1238,24,0
801,1061,25,0
801,1058,26,0
801,992,27,0
801,990,28,0
801,981,29,0
801,1267,30,1
900,1267,1,0
900,1003,2,0
900,1042,3,0
900,1041,4,0
900,1045,5,0
900,1035,6,0
900,1038,7,0
900,1235,8,0
900,1093,9,0
900,1117,10,0
900,1120,11,0
900,1163,12,0
900,1148,13,0
900,1147,14,0
900,1145,15,0
900,1143,16,0
900,1141,17,0
900,1136,18,0
900,1098,19,0
900,940,20,0
900,939,21,0
900,927,22,0
900,928,23,0
900,926,24,0
900,919,25,0
900,916,26,0
900,915,27,0
900,913,28,0
900,912,29,1
901,911,1,0
901,914,2,0
901,917,3,0
901,918,4,0
901,920,5,0
901,929,6,0
901,1239,7,0
901,937,8,0
901,938,9,0
901,941,10,0
901,1100,11,0
901,1102,12,0
901,1135,13,0
901,1140,14,0
901,1224,15,0
901,1142,16,0
901,1144,17,0
901,1146,18,0
901,1164,19,0
901,1119,20,0
901,1116,21,0
901,1092,22,0
901,1089,23,0
901,1039,24,0
901,1036,25,0
901,1234,26,0
901,1046,27,0
901,1040,28,0
901,1043,29,0
901,1044,30,0
901,1004,31,0
901,1267,32,1
1000,1267,1,0
1000,982,2,0
1000,738,3,0
1000,978,4,0
1000,977,5,0
1000,709,6,0
1000,708,7,0
1000,732,8,0
1000,716,9,0
1000,701,10,0
1000,699,11,0
1000,697,12,0
1000,696,13,0
1000,686,14,0
1000,690,15,0
1000,688,16,0
1000,692,17,0
1000,705,18,0
1000,950,19,0
1000,957,20,0
1000,967,21,0
1000,904,22,0
1000,900,23,0
1000,895,24,0
1000,891,25,0
1000,890,26,0
1000,887,27,0
1000,902,28,0
1000,911,29,1
1001,912,1,0
1001,910,2,0
1001,903,3,0
1001,888,4,0
1001,892,5,0
1001,896,6,0
1001,901,7,0
1001,968,8,0
1001,966,9,0
1001,958,10,0
1001,706,11,0
1001,693,12,0
1001,687,13,0
1001,695,14,0
1001,698,15,0
1001,700,16,0
1001,702,17,0
1001,713,18,0
1001,717,19,0
1001,733,20,0
1001,707,21,0
1001,964,22,0
1001,965,23,0
1001,983,24,0
1001,984,25,0
1001,1267,26,1
1100,1267,1,0
1100,1240,2,0
1100,994,3,0
1100,995,4,0
1100,993,5,0
1100,1059,6,0
1100,826,7,0
1100,815,8,0
1100,804,9,0
1100,798,10,0
1100,761,11,0
1100,759,12,0
1100,770,13,0
1100,765,14,0
1100,767,15,0
1100,789,16,0
1100,1237,17,0
1100,779,18,0
1100,782,19,0
1100,784,20,0
1100,794,21,1
1101,795,1,0
1101,783,2,0
1101,781,3,0
1101,778,4,0
1101,790,5,0
1101,787,6,0
1101,766,7,0
1101,764,8,0
1101,763,9,0
1101,758,10,0
1101,760,11,0
1101,800,12,0
1101,805,13,0
1101,806,14,0
1101,807,15,0
1101,827,16,0
1101,1058,17,0
1101,992,18,0
1101,991,19,0
1101,1267,20,1
1200,900,1,0
1200,895,2,0
1200,891,3,0
1200,890,4,0
1200,887,5,0
1200,886,6,0
1200,889,7,0
1200,885,8,0
1200,884,9,0
1200,883,10,0
1200,882,11,0
1200,881,12,0
1200,878,13,0
1200,877,14,0
1200,879,15,0
1200,880,16,0
1200,653,17,0
1200,636,18,0
1200,635,19,0
1200,656,20,0
1200,705,21,0
1200,950,22,0
1200,957,23,0
1200,967,24,0
1200,904,25,1
5000,1267,1,0
5000,988,2,0
5000,740,3,0
5000,725,4,0
5000,650,5,0
5000,757,6,0
5000,759,7,0
5000,762,8,0
5000,754,9,0
5000,662,10,0
5000,670,11,0
5000,671,12,0
5000,780,13,0
5000,785,14,0
5000,797,15,0
5000,1226,16,1
5001,1226,1,0
5001,796,2,0
5001,787,3,0
5001,766,4,0
5001,764,5,0
5001,763,6,0
5001,758,7,0
5001,649,8,0
5001,723,9,0
5001,739,10,0
5001,988,11,0
5001,1267,12,1
5100,1267,1,0
5100,1240,2,0
5100,994,3,0
5100,995,4,0
5100,998,5,0
5100,1070,6,0
5100,1081,7,0
5100,1083,8,1
5101,1083,1,0
5101,1082,2,0
5101,1080,3,0
5101,1069,4,0
5101,997,5,0
5101,992,6,0
5101,990,7,0
5101,1267,8,1
5200,701,1,0
5200,699,2,0
5200,697,3,0
5200,696,4,0
5200,694,5,0
5200,703,6,0
5200,704,7,0
5200,1269,8,0
5200,735,9,0
5200,979,10,0
5200,984,11,0
5200,988,12,0
5200,740,13,0
5200,727,14,0
5200,742,15,0
5200,744,16,0
5200,745,17,0
5200,805,18,0
5200,811,19,0
5200,773,20,0
5200,842,21,0
5200,837,22,0
5200,836,23,0
5200,840,24,0
5200,856,25,0
5200,857,26,0
5200,872,27,0
5200,1082,28,0
5200,1080,29,0
5200,1069,30,0
5200,997,31,1
5300,798,1,0
5300,761,2,0
5300,752,3,0
5300,751,4,0
5300,641,5,0
5300,637,6,0
5300,682,7,0
5300,643,8,0
5300,647,9,0
5300,651,10,0
5300,801,11,0
5300,822,12,0
5300,1056,13,0
5300,1057,14,0
5300,1058,15,0
5300,829,16,0
5300,830,17,0
5300,816,18,0
5300,817,19,0
5300,828,20,0
5300,832,21,0
5300,1270,22,0
5300,1071,23,0
5300,1072,24,0
5300,866,25,0
5300,850,26,0
5300,1082,27,0
5300,1080,28,0
5300,1069,29,0
5300,997,30,1
5400,911,1,0
5400,914,2,0
5400,917,3,0
5400,938,4,0
5400,1100,5,0
5400,1101,6,0
5400,1105,7,0
5400,1273,8,0
5400,1121,9,0
5400,1110,10,0
5400,1109,11,0
5400,1054,12,0
5400,1048,13,0
5400,1046,14,0
5400,1028,15,0
5400,1026,16,0
5400,1024,17,0
5400,1018,18,0
5400,969,19,0
5400,967,20,0
5400,904,21,0
5400,900,22,0
5400,897,23,0
5400,954,24,0
5400,961,25,0
5400,987,26,0
5400,1001,27,0
5400,1002,28,0
5400,1005,29,0
5400,1007,30,0
5400,1008,31,0
5400,994,32,0
5400,995,33,0
5400,998,34,0
5400,1070,35,0
5400,1081,36,1
10000,1267,1,0
10000,1059,2,0
10000,1077,3,0
10000,1287,4,0
10000,1295,5,0
10000,1294,6,0
10000,1302,7,0
10000,1297,8,0
10000,1298,9,0
10000,1304,10,0
10000,1309,11,0
10000,1306,12,0
10000,1310,13,0
10000,1292,14,0
10000,1303,15,1
10001,1303,1,0
10001,1311,2,0
10001,1308,3,0
10001,1305,4,0
10001,1299,5,0
10001,1300,6,0
10001,1301,7,0
10001,1293,8,0
10001,1296,9,0
10001,1286,10,0
10001,1076,11,0
10001,1058,12,0
10001,1267,13,1
10100,1267,1,0
10100,1059,2,0
10100,1077,3,0
10100,1284,4,0
10100,1289,5,0
10100,1291,6,0
10100,1290,7,0
10100,1288,8,0
10100,1285,9,0
10100,1282,10,0
10100,1281,11,0
10100,1283,12,0
10100,1277,13,0
10100,1276,14,0
10100,1280,15,0
10100,1278,16,0
10100,1279,17,0
10100,1295,18,0
10100,1294,19,0
10100,1302,20,0
10100,1297,21,0
10100,1298,22,0
10100,1304,23,0
10100,1309,24,0
10100,1306,25,0
10100,1310,26,0
10100,1292,27,0
10100,1303,28,1
10101,1303,1,0
10101,1311,2,0
10101,1308,3,0
10101,1305,4,0
10101,1299,5,0
10101,1300,6,0
10101,1301,7,0
10101,1293,8,0
10101,1296,9,0
10101,1282,10,0
10101,1281,11,0
10101,1283,12,0
10101,1277,13,0
10101,1276,14,0
10101,1280,15,0
10101,1278,16,0
10101,1279,17,0
10101,1284,18,0
10101,1289,19,0
10101,1291,20,0
10101,1290,21,0
10101,1288,22,0
10101,1285,23,0
10101,1076,24,0
10101,1058,25,0
10101,1267,26,1
1001200,900,1,0
1001200,895,2,0
1001200,891,3,0
1001200,890,4,0
1001200,887,5,0
1001200,886,6,0
1001200,889,7,0
1001200,885,8,0
1001200,884,9,0
1001200,883,10,0
1001200,882,11,0
1001200,881,12,0
1001200,878,13,0
1001200,877,14,0
1001200,879,15,0
1001200,880,16,0
1001200,653,17,0
1001200,636,18,0
1001200,635,19,0
1001200,634,20,0
1001200,633,21,0
1001200,632,22,0
1001200,631,23,0
1001200,630,24,0
1001200,629,25,0
1001200,669,26,0
1001200,628,27,0
1001200,625,28,0
1001200,624,29,0
1001200,626,30,0
1001200,627,31,0
1001200,622,32,0
1001200,621,33,0
1001200,620,34,0
1001200,623,35,0
1001200,656,36,0
1001200,705,37,0
1001200,950,38,0
1001200,957,39,0
1001200,967,40,0
1001200,904,41,1
